"","x"
"1",0.210902696157623
"2",0.24515629955808
"3",1
"4",5
"5",1
"6",4
"7",4
"8",1
"9",1
"10",2
"11",2
"12",2
"13",4
"14",1
"15",2
"16",4
"17",1
"18",1
"19",1
"20",2
"21",4
"22",2
"23",2
"24",5
"25",1
"26",4
"27",1
"28",4
"29",2
"30",1
"31",4
"32",1
"33",1
"34",1
"35",2
"36",1
"37",1
"38",1
"39",4
"40",1
"41",2
"42",4
"43",2
"44",1
"45",1
"46",1
"47",2
"48",4
"49",1
"50",5
"51",2
"52",2
"53",1
"54",4
"55",4
"56",2
"57",2
"58",4
"59",4
"60",1
"61",2
"62",2
"63",1
"64",4
"65",4
"66",1
"67",1
"68",4
"69",1
"70",1
"71",2
"72",4
"73",4
"74",2
"75",4
"76",4
"77",2
"78",1
"79",2
"80",1
"81",4
"82",4
"83",4
"84",2
"85",2
"86",1
"87",1
"88",1
"89",2
"90",2
"91",1
"92",2
"93",2
"94",1
"95",1
"96",1
"97",1
"98",1
"99",1
"100",1
"101",2
"102",3
"103",1
"104",1
"105",2
"106",4
"107",4
"108",1
"109",1
"110",2
"111",2
"112",2
"113",1
"114",4
"115",1
"116",1
"117",5
"118",1
"119",1
"120",2
"121",1
"122",4
"123",1
"124",1
"125",1
"126",4
"127",1
"128",4
"129",4
"130",4
"131",4
"132",1
"133",4
"134",1
"135",4
"136",2
"137",4
"138",1
"139",2
"140",1
"141",4
"142",1
"143",4
"144",1
"145",3
"146",1
"147",2
"148",1
"149",1
"150",4
"151",1
"152",1
"153",1
"154",2
"155",1
"156",1
"157",1
"158",1
"159",1
"160",1
"161",2
"162",2
"163",2
"164",4
"165",2
"166",2
"167",2
"168",1
"169",4
"170",2
"171",1
"172",4
"173",4
"174",2
"175",1
"176",2
"177",5
"178",1
"179",1
"180",4
"181",1
"182",5
"183",2
"184",1
"185",1
"186",4
"187",2
"188",2
"189",1
"190",2
"191",2
"192",2
"193",4
"194",4
"195",2
"196",4
"197",1
"198",2
"199",1
"200",1
"201",1
"202",2
"203",5
"204",2
"205",1
"206",2
"207",1
"208",5
"209",1
"210",4
"211",1
"212",4
"213",5
"214",5
"215",4
"216",2
"217",1
"218",4
"219",2
"220",4
"221",1
"222",1
"223",1
"224",3
"225",4
"226",1
"227",2
"228",4
"229",4
"230",2
"231",4
"232",4
"233",4
"234",2
"235",2
"236",2
"237",2
"238",1
"239",2
"240",4
"241",1
"242",2
"243",4
"244",4
"245",1
"246",1
"247",2
"248",4
"249",4
"250",1
"251",2
"252",4
"253",4
"254",4
"255",4
"256",4
"257",4
"258",3
"259",4
"260",4
"261",4
"262",2
"263",1
"264",4
"265",5
"266",1
"267",5
"268",1
"269",1
"270",4
"271",4
"272",1
"273",2
"274",1
"275",2
"276",1
"277",2
"278",4
"279",1
"280",4
"281",4
"282",1
"283",2
"284",4
"285",1
"286",4
"287",1
"288",1
"289",4
"290",4
"291",5
"292",2
"293",4
"294",1
"295",4
"296",1
"297",1
"298",1
"299",1
"300",1
"301",2
"302",4
"303",4
"304",1
"305",1
"306",2
"307",2
"308",2
"309",1
"310",1
"311",1
"312",4
"313",1
"314",1
"315",4
"316",1
"317",4
"318",1
"319",1
"320",5
"321",4
"322",1
"323",1
"324",2
"325",4
"326",1
"327",1
"328",5
"329",1
"330",1
"331",1
"332",2
"333",2
"334",1
"335",4
"336",1
"337",2
"338",4
"339",1
"340",1
"341",4
"342",1
"343",4
"344",3
"345",3
"346",2
"347",1
"348",2
"349",2
"350",1
"351",5
"352",2
"353",2
"354",1
"355",4
"356",2
"357",1
"358",4
"359",2
"360",2
"361",4
"362",1
"363",1
"364",4
"365",4
"366",1
"367",2
"368",4
"369",1
"370",1
"371",4
"372",2
"373",4
"374",1
"375",1
"376",1
"377",4
"378",1
"379",1
"380",1
"381",2
"382",2
"383",4
"384",1
"385",4
"386",1
"387",2
"388",2
"389",1
"390",2
"391",2
"392",1
"393",1
"394",4
"395",1
"396",2
"397",4
"398",1
"399",2
"400",2
"401",1
"402",1
"403",1
"404",4
"405",4
"406",1
"407",2
"408",4
"409",1
"410",2
"411",1
"412",1
"413",1
"414",4
"415",2
"416",1
"417",1
"418",1
"419",1
"420",1
"421",1
"422",1
"423",2
"424",2
"425",4
"426",4
"427",1
"428",1
"429",4
"430",1
"431",1
"432",1
"433",3
"434",1
"435",5
"436",4
"437",1
"438",1
"439",2
"440",3
"441",3
"442",2
"443",1
"444",4
"445",2
"446",4
"447",4
"448",2
"449",2
"450",4
"451",2
"452",1
"453",4
"454",5
"455",4
"456",4
"457",4
"458",2
"459",4
"460",1
"461",2
"462",1
"463",2
"464",3
"465",2
"466",2
"467",2
"468",1
"469",1
"470",3
"471",1
"472",1
"473",2
"474",2
"475",2
"476",1
"477",1
"478",4
"479",1
"480",1
"481",1
"482",2
"483",1
"484",1
"485",2
"486",4
"487",4
"488",1
"489",4
"490",1
"491",2
"492",1
"493",2
"494",4
"495",4
"496",5
"497",1
"498",1
"499",2
"500",4
"501",4
"502",1
"503",1
"504",5
"505",4
"506",4
"507",4
"508",4
"509",2
"510",1
"511",4
"512",1
"513",4
"514",1
"515",1
"516",1
"517",2
"518",2
"519",2
"520",1
"521",2
"522",2
"523",1
"524",2
"525",1
"526",2
"527",1
"528",1
"529",4
"530",4
"531",1
"532",2
"533",4
"534",2
"535",2
"536",5
"537",1
"538",1
"539",1
"540",1
"541",1
"542",1
"543",4
"544",4
"545",2
"546",2
"547",1
"548",1
"549",5
"550",4
"551",1
"552",4
"553",1
"554",2
"555",4
"556",2
"557",4
"558",1
"559",1
"560",2
"561",1
"562",4
"563",1
"564",1
"565",1
"566",1
"567",1
"568",4
"569",1
"570",4
"571",1
"572",1
"573",4
"574",4
"575",1
"576",1
"577",1
"578",2
"579",1
"580",1
"581",1
"582",1
"583",4
"584",1
"585",1
"586",1
"587",1
"588",5
"589",2
"590",1
"591",1
"592",2
"593",2
"594",1
"595",1
"596",1
"597",1
"598",1
"599",2
"600",1
"601",1
"602",1
"603",5
"604",5
"605",1
"606",1
"607",1
"608",1
"609",2
"610",2
"611",1
"612",5
"613",1
"614",2
"615",4
"616",2
"617",1
"618",1
"619",1
"620",1
"621",4
"622",1
"623",2
"624",4
"625",3
"626",1
"627",5
"628",4
"629",1
"630",4
"631",2
"632",2
"633",5
"634",4
"635",2
"636",2
"637",1
"638",1
"639",4
"640",1
"641",2
"642",1
"643",1
"644",2
"645",2
"646",1
"647",1
"648",1
"649",4
"650",2
"651",4
"652",4
"653",1
"654",4
"655",4
"656",5
"657",2
"658",1
"659",2
"660",2
"661",1
"662",2
"663",2
"664",3
"665",1
"666",1
"667",2
"668",1
"669",2
"670",1
"671",4
"672",2
"673",4
"674",4
"675",1
"676",2
"677",4
"678",2
"679",4
"680",2
"681",4
"682",1
"683",2
"684",2
"685",1
"686",4
"687",4
"688",1
"689",2
"690",4
"691",1
"692",1
"693",1
"694",4
"695",2
"696",1
"697",5
"698",1
"699",1
"700",1
"701",4
"702",4
"703",1
"704",4
"705",1
"706",1
"707",2
"708",4
"709",1
"710",2
"711",1
"712",1
"713",1
"714",1
"715",1
"716",4
"717",1
"718",4
"719",1
"720",2
"721",5
"722",4
"723",2
"724",2
"725",1
"726",4
"727",4
"728",1
"729",1
"730",1
"731",4
"732",3
"733",1
"734",1
"735",4
"736",2
"737",1
"738",2
"739",2
"740",1
"741",4
"742",1
"743",2
"744",4
"745",2
"746",1
"747",2
"748",2
"749",4
"750",1
"751",5
"752",1
"753",4
"754",4
"755",4
"756",1
"757",4
"758",4
"759",2
"760",1
"761",4
"762",2
"763",1
"764",2
"765",4
"766",2
"767",2
"768",2
"769",1
"770",1
"771",2
"772",1
"773",1
"774",2
"775",1
"776",1
"777",2
"778",4
"779",4
"780",1
"781",2
"782",4
"783",2
"784",1
"785",1
"786",4
"787",2
"788",1
"789",2
"790",2
"791",1
"792",1
"793",4
"794",4
"795",1
"796",2
"797",2
"798",4
"799",1
"800",1
"801",4
"802",4
"803",2
"804",4
"805",1
"806",4
"807",1
"808",1
"809",1
"810",1
"811",3
"812",1
"813",1
"814",1
"815",1
"816",2
"817",1
"818",2
"819",1
"820",2
"821",1
"822",4
"823",4
"824",2
"825",1
"826",2
"827",2
"828",1
"829",2
"830",5
"831",1
"832",2
"833",4
"834",2
"835",4
"836",2
"837",1
"838",1
"839",4
"840",1
"841",4
"842",2
"843",2
"844",2
"845",4
"846",4
"847",5
"848",5
"849",1
"850",2
"851",2
"852",2
"853",1
"854",1
"855",4
"856",3
"857",1
"858",1
"859",2
"860",1
"861",2
"862",2
"863",1
"864",4
"865",1
"866",3
"867",4
"868",1
"869",4
"870",2
"871",1
"872",1
"873",2
"874",4
"875",4
"876",2
"877",1
"878",1
"879",3
"880",4
"881",4
"882",2
"883",1
"884",1
"885",2
"886",2
"887",1
"888",2
"889",2
"890",1
"891",4
"892",4
"893",4
"894",1
"895",2
"896",2
"897",1
"898",4
"899",1
"900",4
"901",4
"902",4
"903",1
"904",1
"905",2
"906",2
"907",4
"908",4
"909",1
"910",2
"911",2
"912",1
"913",4
"914",4
"915",4
"916",1
"917",4
"918",5
"919",2
"920",1
"921",1
"922",1
"923",1
"924",2
"925",1
"926",4
"927",1
"928",1
"929",4
"930",1
"931",4
"932",4
"933",2
"934",4
"935",4
"936",2
"937",1
"938",1
"939",1
"940",2
"941",1
"942",4
"943",1
"944",1
"945",4
"946",4
"947",2
"948",1
"949",5
"950",5
"951",5
"952",2
"953",1
"954",4
"955",1
"956",2
"957",1
"958",4
"959",1
"960",1
"961",1
"962",4
"963",2
"964",2
"965",4
"966",1
"967",1
"968",2
"969",5
"970",2
"971",2
"972",4
"973",2
"974",1
"975",1
"976",2
"977",1
"978",1
"979",1
"980",4
"981",4
"982",1
"983",2
"984",1
"985",4
"986",1
"987",5
"988",4
"989",1
"990",3
"991",4
"992",4
"993",1
"994",2
"995",1
"996",1
"997",4
"998",1
"999",4
"1000",4
"1001",4
"1002",1
"1003",1
"1004",1
"1005",2
"1006",2
"1007",1
"1008",1
"1009",1
"1010",1
"1011",5
"1012",2
"1013",1
"1014",1
"1015",4
"1016",2
"1017",4
"1018",1
"1019",4
"1020",1
"1021",4
"1022",1
"1023",2
"1024",1
"1025",4
"1026",4
"1027",5
"1028",1
"1029",2
"1030",1
"1031",2
"1032",2
"1033",2
"1034",4
"1035",5
"1036",2
"1037",4
"1038",1
"1039",3
"1040",1
"1041",5
"1042",2
"1043",2
"1044",4
"1045",1
"1046",1
"1047",2
"1048",1
"1049",3
"1050",2
"1051",1
"1052",4
"1053",4
"1054",1
"1055",4
"1056",1
"1057",1
"1058",4
"1059",2
"1060",1
"1061",5
"1062",4
"1063",1
"1064",2
"1065",4
"1066",4
"1067",2
"1068",1
"1069",1
"1070",4
"1071",2
"1072",4
"1073",2
"1074",1
"1075",4
"1076",4
"1077",2
"1078",2
"1079",1
"1080",2
"1081",1
"1082",1
"1083",1
"1084",4
"1085",4
"1086",2
"1087",1
"1088",2
"1089",1
"1090",1
"1091",3
"1092",1
"1093",4
"1094",1
"1095",2
"1096",1
"1097",1
"1098",1
"1099",1
"1100",4
"1101",4
"1102",1
"1103",1
"1104",1
"1105",4
"1106",1
"1107",5
"1108",1
"1109",4
"1110",2
"1111",4
"1112",1
"1113",1
"1114",1
"1115",2
"1116",2
"1117",1
"1118",1
"1119",3
"1120",1
"1121",2
"1122",1
"1123",2
"1124",4
"1125",1
"1126",1
"1127",2
"1128",1
"1129",1
"1130",4
"1131",2
"1132",4
"1133",2
"1134",2
"1135",2
"1136",2
"1137",4
"1138",4
"1139",2
"1140",1
"1141",1
"1142",2
"1143",5
"1144",4
"1145",1
"1146",2
"1147",2
"1148",2
"1149",4
"1150",1
"1151",1
"1152",1
"1153",1
"1154",2
"1155",1
"1156",1
"1157",4
"1158",2
"1159",1
"1160",4
"1161",1
"1162",1
"1163",1
"1164",1
"1165",4
"1166",1
"1167",4
"1168",1
"1169",4
"1170",5
"1171",1
"1172",2
"1173",1
"1174",2
"1175",5
"1176",2
"1177",2
"1178",2
"1179",4
"1180",2
"1181",4
"1182",1
"1183",2
"1184",1
"1185",2
"1186",1
"1187",1
"1188",4
"1189",2
"1190",1
"1191",1
"1192",2
"1193",4
"1194",1
"1195",1
"1196",2
"1197",2
"1198",2
"1199",2
"1200",2
"1201",4
"1202",1
"1203",1
"1204",1
"1205",2
"1206",2
"1207",1
"1208",4
"1209",1
"1210",4
"1211",4
"1212",2
"1213",1
"1214",1
"1215",1
"1216",2
"1217",4
"1218",4
"1219",4
"1220",4
"1221",2
"1222",4
"1223",1
"1224",4
"1225",1
"1226",4
"1227",4
"1228",1
"1229",2
"1230",4
"1231",2
"1232",1
"1233",1
"1234",1
"1235",1
"1236",1
"1237",1
"1238",4
"1239",1
"1240",2
"1241",4
"1242",1
"1243",2
"1244",1
"1245",2
"1246",1
"1247",1
"1248",1
"1249",2
"1250",2
"1251",1
"1252",1
"1253",5
"1254",4
"1255",2
"1256",2
"1257",4
"1258",1
"1259",2
"1260",4
"1261",1
"1262",4
"1263",1
"1264",4
"1265",2
"1266",2
"1267",2
"1268",1
"1269",2
"1270",4
"1271",1
"1272",2
"1273",2
"1274",2
"1275",1
"1276",2
"1277",1
"1278",2
"1279",1
"1280",3
"1281",5
"1282",1
"1283",1
"1284",2
"1285",4
"1286",1
"1287",1
"1288",1
"1289",1
"1290",1
"1291",2
"1292",4
"1293",1
"1294",2
"1295",4
"1296",2
"1297",2
"1298",4
"1299",4
"1300",1
"1301",4
"1302",1
"1303",1
"1304",4
"1305",4
"1306",2
"1307",4
"1308",4
"1309",4
"1310",2
"1311",4
"1312",4
"1313",1
"1314",2
"1315",1
"1316",2
"1317",3
"1318",4
"1319",1
"1320",1
"1321",1
"1322",1
"1323",2
"1324",1
"1325",1
"1326",1
"1327",1
"1328",4
"1329",4
"1330",1
"1331",4
"1332",4
"1333",4
"1334",1
"1335",1
"1336",1
"1337",1
"1338",2
"1339",4
"1340",4
"1341",4
"1342",1
"1343",4
"1344",2
"1345",5
"1346",2
"1347",2
"1348",1
"1349",1
"1350",5
"1351",2
"1352",1
"1353",1
"1354",1
"1355",1
"1356",4
"1357",4
"1358",1
"1359",1
"1360",1
"1361",2
"1362",4
"1363",4
"1364",2
"1365",1
"1366",1
"1367",2
"1368",4
"1369",2
"1370",4
"1371",1
"1372",1
"1373",2
"1374",4
"1375",1
"1376",1
"1377",4
"1378",1
"1379",1
"1380",2
"1381",2
"1382",1
"1383",1
"1384",3
"1385",4
"1386",1
"1387",2
"1388",4
"1389",1
"1390",4
"1391",1
"1392",1
"1393",2
"1394",1
"1395",2
"1396",5
"1397",1
"1398",1
"1399",1
"1400",1
"1401",1
"1402",2
"1403",3
"1404",2
"1405",2
"1406",3
"1407",5
"1408",1
"1409",1
"1410",2
"1411",2
"1412",1
"1413",1
"1414",1
"1415",1
"1416",1
"1417",4
"1418",5
"1419",2
"1420",1
"1421",1
"1422",2
"1423",1
"1424",1
"1425",1
"1426",4
"1427",4
"1428",1
"1429",4
"1430",2
"1431",2
"1432",4
"1433",2
"1434",2
"1435",1
"1436",1
"1437",2
"1438",1
"1439",2
"1440",1
"1441",4
"1442",2
"1443",1
"1444",1
"1445",1
"1446",1
"1447",1
"1448",4
"1449",2
"1450",1
"1451",2
"1452",2
"1453",1
"1454",4
"1455",1
"1456",1
"1457",4
"1458",2
"1459",2
"1460",1
"1461",4
"1462",2
"1463",2
"1464",1
"1465",1
"1466",1
"1467",1
"1468",2
"1469",4
"1470",1
"1471",4
"1472",1
"1473",1
"1474",4
"1475",2
"1476",4
"1477",2
"1478",2
"1479",4
"1480",1
"1481",4
"1482",1
"1483",1
"1484",2
"1485",1
"1486",1
"1487",4
"1488",1
"1489",2
"1490",1
"1491",1
"1492",1
"1493",2
"1494",1
"1495",4
"1496",1
"1497",2
"1498",2
"1499",2
"1500",2
"1501",1
"1502",4
"1503",2
"1504",1
"1505",1
"1506",1
"1507",5
"1508",1
"1509",4
"1510",4
"1511",1
"1512",1
"1513",2
"1514",2
"1515",3
"1516",1
"1517",2
"1518",4
"1519",1
"1520",4
"1521",1
"1522",4
"1523",2
"1524",4
"1525",2
"1526",1
"1527",1
"1528",4
"1529",2
"1530",4
"1531",4
"1532",2
"1533",2
"1534",1
"1535",2
"1536",1
"1537",4
"1538",1
"1539",1
"1540",1
"1541",2
"1542",4
"1543",4
"1544",1
"1545",1
"1546",1
"1547",2
"1548",1
"1549",1
"1550",1
"1551",2
"1552",4
"1553",4
"1554",4
"1555",1
"1556",2
"1557",1
"1558",1
"1559",1
"1560",2
"1561",1
"1562",1
"1563",1
"1564",2
"1565",4
"1566",2
"1567",4
"1568",1
"1569",4
"1570",2
"1571",5
"1572",1
"1573",4
"1574",1
"1575",1
"1576",1
"1577",1
"1578",1
"1579",1
"1580",1
"1581",1
"1582",1
"1583",4
"1584",1
"1585",1
"1586",2
"1587",1
"1588",1
"1589",2
"1590",4
"1591",1
"1592",2
"1593",1
"1594",2
"1595",2
"1596",4
"1597",4
"1598",1
"1599",2
"1600",1
"1601",1
"1602",2
"1603",2
"1604",1
"1605",2
"1606",4
"1607",2
"1608",2
"1609",1
"1610",1
"1611",2
"1612",2
"1613",2
"1614",1
"1615",2
"1616",1
"1617",5
"1618",4
"1619",1
"1620",4
"1621",2
"1622",2
"1623",1
"1624",4
"1625",4
"1626",1
"1627",1
"1628",2
"1629",1
"1630",5
"1631",4
"1632",2
"1633",4
"1634",2
"1635",4
"1636",2
"1637",4
"1638",1
"1639",4
"1640",1
"1641",4
"1642",2
"1643",4
"1644",1
"1645",1
"1646",1
"1647",2
"1648",1
"1649",1
"1650",4
"1651",1
"1652",4
"1653",1
"1654",4
"1655",4
"1656",1
"1657",2
"1658",2
"1659",4
"1660",1
"1661",4
"1662",1
"1663",2
"1664",1
"1665",1
"1666",4
"1667",2
"1668",1
"1669",4
"1670",2
"1671",2
"1672",1
"1673",2
"1674",2
"1675",4
"1676",2
"1677",1
"1678",1
"1679",1
"1680",1
"1681",2
"1682",2
"1683",1
"1684",2
"1685",2
"1686",1
"1687",4
"1688",2
"1689",1
"1690",4
"1691",2
"1692",2
"1693",1
"1694",1
"1695",2
"1696",2
"1697",2
"1698",5
"1699",2
"1700",4
"1701",1
"1702",2
"1703",4
"1704",4
"1705",1
"1706",4
"1707",2
"1708",3
"1709",4
"1710",4
"1711",1
"1712",4
"1713",2
"1714",2
"1715",1
"1716",4
"1717",1
"1718",1
"1719",3
"1720",4
"1721",2
"1722",1
"1723",4
"1724",1
"1725",1
"1726",2
"1727",1
"1728",4
"1729",4
"1730",1
"1731",1
"1732",2
"1733",1
"1734",1
"1735",1
"1736",4
"1737",2
"1738",2
"1739",4
"1740",1
"1741",1
"1742",2
"1743",2
"1744",1
"1745",5
"1746",2
"1747",2
"1748",1
"1749",1
"1750",2
"1751",2
"1752",1
"1753",2
"1754",1
"1755",1
"1756",2
"1757",1
"1758",1
"1759",1
"1760",1
"1761",2
"1762",1
"1763",4
"1764",2
"1765",2
"1766",1
"1767",4
"1768",4
"1769",4
"1770",4
"1771",1
"1772",1
"1773",2
"1774",4
"1775",2
"1776",1
"1777",2
"1778",4
"1779",2
"1780",1
"1781",1
"1782",1
"1783",1
"1784",1
"1785",4
"1786",4
"1787",4
"1788",2
"1789",1
"1790",1
"1791",4
"1792",1
"1793",1
"1794",2
"1795",1
"1796",1
"1797",1
"1798",4
"1799",4
"1800",2
"1801",2
"1802",2
"1803",4
"1804",4
"1805",4
"1806",1
"1807",2
"1808",4
"1809",4
"1810",1
"1811",1
"1812",4
"1813",2
"1814",4
"1815",1
"1816",2
"1817",2
"1818",2
"1819",2
"1820",1
"1821",2
"1822",2
"1823",1
"1824",4
"1825",2
"1826",2
"1827",1
"1828",2
"1829",2
"1830",4
"1831",1
"1832",1
"1833",1
"1834",4
"1835",1
"1836",1
"1837",1
"1838",2
"1839",4
"1840",1
"1841",1
"1842",2
"1843",2
"1844",1
"1845",2
"1846",1
"1847",2
"1848",4
"1849",1
"1850",1
"1851",4
"1852",1
"1853",1
"1854",1
"1855",1
"1856",2
"1857",4
"1858",4
"1859",2
"1860",1
"1861",4
"1862",2
"1863",1
"1864",4
"1865",1
"1866",4
"1867",5
"1868",4
"1869",4
"1870",1
"1871",1
"1872",4
"1873",1
"1874",2
"1875",1
"1876",2
"1877",4
"1878",1
"1879",2
"1880",1
"1881",4
"1882",1
"1883",1
"1884",1
"1885",5
"1886",1
"1887",3
"1888",2
"1889",1
"1890",2
"1891",2
"1892",4
"1893",4
"1894",2
"1895",1
"1896",4
"1897",4
"1898",1
"1899",4
"1900",4
"1901",2
"1902",5
"1903",4
"1904",1
"1905",1
"1906",1
"1907",4
"1908",4
"1909",1
"1910",1
"1911",1
"1912",2
"1913",5
"1914",2
"1915",1
"1916",1
"1917",2
"1918",1
"1919",1
"1920",4
"1921",4
"1922",2
"1923",1
"1924",4
"1925",4
"1926",1
"1927",4
"1928",4
"1929",1
"1930",1
"1931",2
"1932",5
"1933",2
"1934",1
"1935",2
"1936",1
"1937",1
"1938",1
"1939",2
"1940",4
"1941",4
"1942",4
"1943",4
"1944",4
"1945",2
"1946",4
"1947",4
"1948",2
"1949",1
"1950",4
"1951",1
"1952",4
"1953",2
"1954",4
"1955",5
"1956",1
"1957",1
"1958",1
"1959",5
"1960",1
"1961",5
"1962",2
"1963",4
"1964",3
"1965",4
"1966",1
"1967",5
"1968",1
"1969",1
"1970",4
"1971",4
"1972",2
"1973",1
"1974",1
"1975",1
"1976",2
"1977",4
"1978",1
"1979",2
"1980",4
"1981",1
"1982",1
"1983",1
"1984",1
"1985",1
"1986",4
"1987",1
"1988",4
"1989",4
"1990",5
"1991",1
"1992",1
"1993",2
"1994",1
"1995",1
"1996",2
"1997",1
"1998",1
"1999",2
"2000",1
"2001",4
"2002",1
"2003",1
"2004",4
"2005",1
"2006",2
"2007",4
"2008",1
"2009",2
"2010",1
"2011",1
"2012",1
"2013",1
"2014",4
"2015",1
"2016",4
"2017",1
"2018",1
"2019",2
"2020",3
"2021",4
"2022",1
"2023",2
"2024",4
"2025",1
"2026",4
"2027",2
"2028",1
"2029",5
"2030",1
"2031",2
"2032",3
"2033",1
"2034",1
"2035",2
"2036",2
"2037",4
"2038",4
"2039",1
"2040",4
"2041",2
"2042",1
"2043",1
"2044",4
"2045",1
"2046",1
"2047",1
"2048",2
"2049",1
"2050",1
"2051",1
"2052",2
"2053",2
"2054",2
"2055",1
"2056",2
"2057",1
"2058",1
"2059",2
"2060",4
"2061",2
"2062",1
"2063",4
"2064",2
"2065",1
"2066",2
"2067",1
"2068",2
"2069",5
"2070",4
"2071",1
"2072",1
"2073",2
"2074",2
"2075",2
"2076",4
"2077",4
"2078",4
"2079",1
"2080",4
"2081",2
"2082",4
"2083",1
"2084",2
"2085",4
"2086",2
"2087",4
"2088",1
"2089",1
"2090",4
"2091",2
"2092",1
"2093",4
"2094",2
"2095",2
"2096",1
"2097",2
"2098",2
"2099",1
"2100",1
"2101",1
"2102",1
"2103",4
"2104",1
"2105",2
"2106",1
"2107",2
"2108",1
"2109",1
"2110",2
"2111",4
"2112",1
"2113",2
"2114",4
"2115",1
"2116",4
"2117",4
"2118",2
"2119",1
"2120",2
"2121",4
"2122",2
"2123",4
"2124",1
"2125",1
"2126",4
"2127",4
"2128",1
"2129",1
"2130",4
"2131",1
"2132",1
"2133",1
"2134",1
"2135",2
"2136",4
"2137",1
"2138",1
"2139",1
"2140",1
"2141",4
"2142",2
"2143",1
"2144",1
"2145",2
"2146",1
"2147",2
"2148",1
"2149",4
"2150",4
"2151",4
"2152",2
"2153",5
"2154",1
"2155",1
"2156",3
"2157",1
"2158",1
"2159",1
"2160",1
"2161",1
"2162",2
"2163",1
"2164",2
"2165",1
"2166",2
"2167",1
"2168",1
"2169",2
"2170",4
"2171",2
"2172",4
"2173",4
"2174",1
"2175",4
"2176",2
"2177",1
"2178",1
"2179",1
"2180",1
"2181",2
"2182",4
"2183",1
"2184",1
"2185",2
"2186",4
"2187",4
"2188",1
"2189",1
"2190",4
"2191",4
"2192",2
"2193",1
"2194",1
"2195",1
"2196",5
"2197",4
"2198",1
"2199",2
"2200",1
"2201",4
"2202",1
"2203",1
"2204",1
"2205",1
"2206",1
"2207",1
"2208",2
"2209",4
"2210",1
"2211",4
"2212",2
"2213",1
"2214",2
"2215",1
"2216",4
"2217",1
"2218",2
"2219",1
"2220",4
"2221",4
"2222",1
"2223",1
"2224",1
"2225",4
"2226",1
"2227",4
"2228",1
"2229",2
"2230",1
"2231",3
"2232",2
"2233",1
"2234",1
"2235",2
"2236",4
"2237",4
"2238",1
"2239",4
"2240",4
"2241",4
"2242",1
"2243",4
"2244",1
"2245",1
"2246",1
"2247",1
"2248",1
"2249",4
"2250",2
"2251",5
"2252",5
"2253",1
"2254",1
"2255",1
"2256",2
"2257",1
"2258",1
"2259",4
"2260",4
"2261",1
"2262",1
"2263",1
"2264",4
"2265",2
"2266",1
"2267",4
"2268",4
"2269",1
"2270",4
"2271",1
"2272",4
"2273",1
"2274",2
"2275",4
"2276",2
"2277",1
"2278",1
"2279",4
"2280",1
"2281",2
"2282",2
"2283",4
"2284",1
"2285",4
"2286",3
"2287",1
"2288",4
"2289",5
"2290",2
"2291",4
"2292",2
"2293",1
"2294",4
"2295",5
"2296",2
"2297",1
"2298",4
"2299",4
"2300",2
"2301",1
"2302",1
"2303",2
"2304",4
"2305",1
"2306",2
"2307",4
"2308",4
"2309",4
"2310",2
"2311",2
"2312",5
"2313",1
"2314",4
"2315",1
"2316",4
"2317",1
"2318",2
"2319",1
"2320",4
"2321",2
"2322",2
"2323",2
"2324",4
"2325",5
"2326",4
"2327",4
"2328",5
"2329",4
"2330",1
"2331",4
"2332",4
"2333",4
"2334",2
"2335",1
"2336",4
"2337",4
"2338",1
"2339",1
"2340",4
"2341",5
"2342",1
"2343",2
"2344",2
"2345",1
"2346",2
"2347",1
"2348",5
"2349",1
"2350",4
"2351",4
"2352",4
"2353",1
"2354",4
"2355",1
"2356",2
"2357",2
"2358",4
"2359",4
"2360",4
"2361",1
"2362",1
"2363",2
"2364",4
"2365",1
"2366",2
"2367",1
"2368",4
"2369",3
"2370",2
"2371",5
"2372",1
"2373",5
"2374",4
"2375",4
"2376",4
"2377",1
"2378",1
"2379",2
"2380",1
"2381",1
"2382",2
"2383",5
"2384",2
"2385",1
"2386",5
"2387",1
"2388",1
"2389",2
"2390",2
"2391",2
"2392",2
"2393",2
"2394",2
"2395",5
"2396",1
"2397",2
"2398",4
"2399",1
"2400",4
"2401",2
"2402",1
"2403",4
"2404",2
"2405",1
"2406",2
"2407",1
"2408",1
"2409",1
"2410",4
"2411",1
"2412",1
"2413",4
"2414",4
"2415",1
"2416",1
"2417",4
"2418",2
"2419",2
"2420",1
"2421",2
"2422",5
"2423",1
"2424",1
"2425",1
"2426",1
"2427",2
"2428",1
"2429",5
"2430",2
"2431",4
"2432",2
"2433",4
"2434",2
"2435",1
"2436",2
"2437",2
"2438",1
"2439",2
"2440",4
"2441",1
"2442",1
"2443",4
"2444",4
"2445",1
"2446",1
"2447",1
"2448",1
"2449",1
"2450",1
"2451",4
"2452",1
"2453",2
"2454",1
"2455",2
"2456",1
"2457",2
"2458",2
"2459",1
"2460",1
"2461",2
"2462",1
"2463",1
"2464",4
"2465",5
"2466",2
"2467",4
"2468",1
"2469",1
"2470",1
"2471",2
"2472",1
"2473",4
"2474",1
"2475",1
"2476",4
"2477",2
"2478",4
"2479",2
"2480",1
"2481",1
"2482",4
"2483",1
"2484",2
"2485",4
"2486",1
"2487",4
"2488",1
"2489",1
"2490",4
"2491",1
"2492",4
"2493",2
"2494",1
"2495",4
"2496",2
"2497",1
"2498",2
"2499",4
"2500",1
"2501",4
"2502",1
"2503",1
"2504",3
"2505",1
"2506",1
"2507",4
"2508",4
"2509",4
"2510",1
"2511",1
"2512",1
"2513",1
"2514",2
"2515",1
"2516",1
"2517",4
"2518",1
"2519",1
"2520",2
"2521",4
"2522",1
"2523",2
"2524",1
"2525",1
"2526",1
"2527",1
"2528",4
"2529",4
"2530",4
"2531",1
"2532",1
"2533",1
"2534",1
"2535",4
"2536",5
"2537",2
"2538",4
"2539",1
"2540",1
"2541",1
"2542",2
"2543",4
"2544",1
"2545",1
"2546",3
"2547",2
"2548",1
"2549",1
"2550",1
"2551",2
"2552",1
"2553",1
"2554",2
"2555",1
"2556",1
"2557",4
"2558",1
"2559",1
"2560",1
"2561",2
"2562",5
"2563",4
"2564",4
"2565",1
"2566",1
"2567",5
"2568",4
"2569",4
"2570",1
"2571",1
"2572",1
"2573",1
"2574",2
"2575",1
"2576",2
"2577",2
"2578",4
"2579",2
"2580",5
"2581",1
"2582",4
"2583",2
"2584",4
"2585",1
"2586",1
"2587",4
"2588",1
"2589",1
"2590",4
"2591",1
"2592",4
"2593",1
"2594",1
"2595",2
"2596",4
"2597",4
"2598",2
"2599",4
"2600",4
"2601",4
"2602",2
"2603",1
"2604",1
"2605",2
"2606",2
"2607",4
"2608",1
"2609",4
"2610",1
"2611",1
"2612",2
"2613",1
"2614",4
"2615",4
"2616",4
"2617",2
"2618",1
"2619",4
"2620",4
"2621",1
"2622",1
"2623",2
"2624",2
"2625",2
"2626",2
"2627",2
"2628",2
"2629",2
"2630",1
"2631",2
"2632",2
"2633",1
"2634",4
"2635",1
"2636",1
"2637",2
"2638",1
"2639",5
"2640",2
"2641",4
"2642",4
"2643",1
"2644",4
"2645",4
"2646",4
"2647",1
"2648",2
"2649",2
"2650",4
"2651",1
"2652",2
"2653",1
"2654",3
"2655",1
"2656",5
"2657",2
"2658",1
"2659",4
"2660",1
"2661",1
"2662",5
"2663",1
"2664",2
"2665",2
"2666",2
"2667",1
"2668",4
"2669",1
"2670",2
"2671",2
"2672",1
"2673",4
"2674",1
"2675",2
"2676",4
"2677",4
"2678",4
"2679",2
"2680",2
"2681",1
"2682",1
"2683",1
"2684",4
"2685",1
"2686",4
"2687",1
"2688",1
"2689",4
"2690",4
"2691",1
"2692",4
"2693",1
"2694",1
"2695",1
"2696",1
"2697",2
"2698",2
"2699",4
"2700",4
"2701",4
"2702",4
"2703",1
"2704",4
"2705",4
"2706",4
"2707",1
"2708",4
"2709",2
"2710",1
"2711",2
"2712",2
"2713",2
"2714",1
"2715",1
"2716",4
"2717",1
"2718",4
"2719",4
"2720",1
"2721",1
"2722",2
"2723",2
"2724",1
"2725",1
"2726",2
"2727",1
"2728",1
"2729",1
"2730",1
"2731",4
"2732",4
"2733",1
"2734",1
"2735",4
"2736",2
"2737",1
"2738",2
"2739",2
"2740",1
"2741",4
"2742",4
"2743",1
"2744",3
"2745",5
"2746",2
"2747",1
"2748",2
"2749",4
"2750",4
"2751",2
"2752",1
"2753",4
"2754",2
"2755",2
"2756",4
"2757",1
"2758",1
"2759",2
"2760",2
"2761",1
"2762",4
"2763",4
"2764",4
"2765",1
"2766",2
"2767",4
"2768",1
"2769",4
"2770",1
"2771",4
"2772",1
"2773",1
"2774",1
"2775",2
"2776",1
"2777",1
"2778",1
"2779",1
"2780",2
"2781",1
"2782",1
"2783",1
"2784",4
"2785",2
"2786",1
"2787",1
"2788",1
"2789",4
"2790",1
"2791",2
"2792",2
"2793",5
"2794",4
"2795",1
"2796",2
"2797",4
"2798",1
"2799",1
"2800",4
"2801",2
"2802",2
"2803",4
"2804",4
"2805",2
"2806",2
"2807",1
"2808",2
"2809",1
"2810",4
"2811",4
"2812",4
"2813",1
"2814",1
"2815",1
"2816",2
"2817",4
"2818",2
"2819",4
"2820",2
"2821",1
"2822",4
"2823",1
"2824",4
"2825",2
"2826",2
"2827",2
"2828",1
"2829",4
"2830",1
"2831",1
"2832",4
"2833",2
"2834",2
"2835",4
"2836",1
"2837",1
"2838",1
"2839",2
"2840",2
"2841",4
"2842",2
"2843",2
"2844",1
"2845",4
"2846",2
"2847",2
"2848",4
"2849",1
"2850",1
"2851",1
"2852",4
"2853",4
"2854",2
"2855",4
"2856",1
"2857",2
"2858",2
"2859",4
"2860",4
"2861",1
"2862",1
"2863",1
"2864",1
"2865",2
"2866",2
"2867",1
"2868",2
"2869",4
"2870",1
"2871",2
"2872",1
"2873",5
"2874",4
"2875",1
"2876",2
"2877",4
"2878",4
"2879",4
"2880",2
"2881",2
"2882",2
"2883",4
"2884",1
"2885",2
"2886",2
"2887",4
"2888",1
"2889",1
"2890",1
"2891",1
"2892",2
"2893",4
"2894",4
"2895",1
"2896",2
"2897",1
"2898",1
"2899",2
"2900",1
"2901",2
"2902",4
"2903",2
"2904",2
"2905",4
"2906",1
"2907",1
"2908",2
"2909",1
"2910",1
"2911",2
"2912",4
"2913",2
"2914",2
"2915",1
"2916",2
"2917",2
"2918",4
"2919",2
"2920",4
"2921",4
"2922",1
"2923",4
"2924",4
"2925",2
"2926",4
"2927",2
"2928",4
"2929",1
"2930",2
"2931",2
"2932",1
"2933",1
"2934",4
"2935",1
"2936",1
"2937",2
"2938",1
"2939",4
"2940",1
"2941",4
"2942",4
"2943",2
"2944",4
"2945",4
"2946",2
"2947",5
"2948",2
"2949",4
"2950",1
"2951",2
"2952",2
"2953",1
"2954",1
"2955",4
"2956",1
"2957",1
"2958",4
"2959",2
"2960",4
"2961",4
"2962",1
"2963",1
"2964",4
"2965",2
"2966",2
"2967",2
"2968",4
"2969",1
"2970",2
"2971",1
"2972",1
"2973",2
"2974",1
"2975",2
"2976",1
"2977",1
"2978",1
"2979",1
"2980",1
"2981",2
"2982",1
"2983",4
"2984",1
"2985",2
"2986",4
"2987",1
"2988",2
"2989",2
"2990",2
"2991",2
"2992",4
"2993",4
"2994",2
"2995",2
"2996",1
"2997",2
"2998",1
"2999",1
"3000",4
"3001",1
"3002",1
"3003",4
"3004",1
"3005",1
"3006",3
"3007",2
"3008",4
"3009",4
"3010",2
"3011",1
"3012",4
"3013",1
"3014",1
"3015",4
"3016",1
"3017",2
"3018",5
"3019",4
"3020",4
"3021",4
"3022",2
"3023",4
"3024",1
"3025",3
"3026",1
"3027",1
"3028",1
"3029",4
"3030",1
"3031",1
"3032",5
"3033",4
"3034",1
"3035",4
"3036",1
"3037",2
"3038",1
"3039",2
"3040",1
"3041",1
"3042",1
"3043",5
"3044",1
"3045",2
"3046",1
"3047",4
"3048",4
"3049",5
"3050",2
"3051",4
"3052",3
"3053",4
"3054",1
"3055",2
"3056",1
"3057",1
"3058",1
"3059",1
"3060",1
"3061",5
"3062",1
"3063",1
"3064",2
"3065",4
"3066",1
"3067",2
"3068",4
"3069",5
"3070",1
"3071",2
"3072",1
"3073",2
"3074",1
"3075",4
"3076",1
"3077",1
"3078",1
"3079",4
"3080",4
"3081",4
"3082",1
"3083",2
"3084",1
"3085",4
"3086",4
"3087",1
"3088",4
"3089",4
"3090",1
"3091",4
"3092",2
"3093",2
"3094",1
"3095",1
"3096",1
"3097",1
"3098",1
"3099",4
"3100",1
"3101",5
"3102",2
"3103",4
"3104",1
"3105",4
"3106",4
"3107",4
"3108",1
"3109",1
"3110",4
"3111",4
"3112",1
"3113",1
"3114",1
"3115",1
"3116",4
"3117",2
"3118",1
"3119",1
"3120",1
"3121",1
"3122",2
"3123",1
"3124",2
"3125",4
"3126",1
"3127",2
"3128",1
"3129",1
"3130",4
"3131",4
"3132",4
"3133",4
"3134",4
"3135",1
"3136",1
"3137",1
"3138",1
"3139",2
"3140",2
"3141",2
"3142",1
"3143",2
"3144",4
"3145",1
"3146",1
"3147",4
"3148",2
"3149",2
"3150",1
"3151",1
"3152",4
"3153",4
"3154",2
"3155",1
"3156",1
"3157",4
"3158",1
"3159",1
"3160",1
"3161",1
"3162",4
"3163",1
"3164",4
"3165",2
"3166",4
"3167",2
"3168",2
"3169",4
"3170",2
"3171",4
"3172",2
"3173",3
"3174",4
"3175",2
"3176",1
"3177",1
"3178",4
"3179",1
"3180",1
"3181",1
"3182",4
"3183",1
"3184",2
"3185",2
"3186",5
"3187",4
"3188",2
"3189",4
"3190",4
"3191",1
"3192",4
"3193",4
"3194",1
"3195",2
"3196",4
"3197",2
"3198",1
"3199",1
"3200",2
"3201",1
"3202",4
"3203",1
"3204",4
"3205",2
"3206",4
"3207",2
"3208",1
"3209",1
"3210",2
"3211",1
"3212",3
"3213",1
"3214",4
"3215",1
"3216",1
"3217",1
"3218",3
"3219",1
"3220",1
"3221",1
"3222",1
"3223",2
"3224",1
"3225",2
"3226",1
"3227",2
"3228",4
"3229",1
"3230",4
"3231",4
"3232",2
"3233",2
"3234",2
"3235",5
"3236",4
"3237",1
"3238",1
"3239",1
"3240",1
"3241",1
"3242",1
"3243",1
"3244",1
"3245",1
"3246",1
"3247",1
"3248",1
"3249",1
"3250",2
"3251",5
"3252",1
"3253",1
"3254",4
"3255",4
"3256",2
"3257",2
"3258",1
"3259",1
"3260",5
"3261",1
"3262",1
"3263",1
"3264",4
"3265",5
"3266",1
"3267",2
"3268",4
"3269",1
"3270",4
"3271",1
"3272",2
"3273",1
"3274",2
"3275",4
"3276",1
"3277",2
"3278",1
"3279",2
"3280",2
"3281",5
"3282",4
"3283",2
"3284",4
"3285",1
"3286",4
"3287",1
"3288",2
"3289",2
"3290",2
"3291",2
"3292",4
"3293",4
"3294",2
"3295",2
"3296",2
"3297",1
"3298",2
"3299",1
"3300",2
"3301",4
"3302",2
"3303",4
"3304",5
"3305",1
"3306",4
"3307",4
"3308",2
"3309",1
"3310",1
"3311",1
"3312",4
"3313",2
"3314",1
"3315",1
"3316",4
"3317",4
"3318",4
"3319",1
"3320",4
"3321",3
"3322",1
"3323",1
"3324",2
"3325",4
"3326",1
"3327",2
"3328",4
"3329",1
"3330",2
"3331",2
"3332",2
"3333",4
"3334",4
"3335",1
"3336",4
"3337",1
"3338",1
"3339",5
"3340",2
"3341",2
"3342",2
"3343",1
"3344",1
"3345",2
"3346",1
"3347",4
"3348",1
"3349",1
"3350",2
"3351",1
"3352",1
"3353",1
"3354",1
"3355",4
"3356",4
"3357",2
"3358",1
"3359",1
"3360",1
"3361",2
"3362",3
"3363",3
"3364",4
"3365",4
"3366",1
"3367",2
"3368",4
"3369",2
"3370",1
"3371",4
"3372",2
"3373",1
"3374",1
"3375",1
"3376",1
"3377",1
"3378",1
"3379",1
"3380",1
"3381",2
"3382",1
"3383",2
"3384",3
"3385",1
"3386",4
"3387",2
"3388",1
"3389",4
"3390",3
"3391",1
"3392",1
"3393",1
"3394",2
"3395",2
"3396",4
"3397",4
"3398",4
"3399",4
"3400",4
"3401",1
"3402",2
"3403",4
"3404",2
"3405",2
"3406",2
"3407",1
"3408",1
"3409",1
"3410",4
"3411",4
"3412",1
"3413",4
"3414",4
"3415",2
"3416",4
"3417",4
"3418",2
"3419",4
"3420",2
"3421",4
"3422",2
"3423",1
"3424",1
"3425",4
"3426",5
"3427",2
"3428",2
"3429",1
"3430",1
"3431",4
"3432",1
"3433",2
"3434",4
"3435",4
"3436",4
"3437",5
"3438",1
"3439",4
"3440",2
"3441",1
"3442",5
"3443",1
"3444",5
"3445",3
"3446",5
"3447",3
"3448",1
"3449",2
"3450",5
"3451",5
"3452",5
"3453",5
"3454",1
"3455",1
"3456",1
"3457",1
"3458",1
"3459",1
"3460",4
"3461",1
"3462",1
"3463",1
"3464",1
"3465",5
"3466",1
"3467",1
"3468",1
"3469",5
"3470",3
"3471",5
"3472",3
"3473",1
"3474",5
"3475",1
"3476",5
"3477",1
"3478",1
"3479",1
"3480",5
"3481",2
"3482",1
"3483",5
"3484",5
"3485",2
"3486",3
"3487",5
"3488",1
"3489",5
"3490",1
"3491",5
"3492",5
"3493",5
"3494",5
"3495",5
"3496",2
"3497",5
"3498",5
"3499",3
"3500",1
"3501",3
"3502",1
"3503",5
"3504",5
"3505",1
"3506",1
"3507",5
"3508",1
"3509",1
"3510",5
"3511",1
"3512",5
"3513",5
"3514",5
"3515",2
"3516",1
"3517",1
"3518",1
"3519",1
"3520",1
"3521",2
"3522",1
"3523",5
"3524",5
"3525",5
"3526",1
"3527",1
"3528",1
"3529",1
"3530",1
"3531",5
"3532",2
"3533",3
"3534",1
"3535",1
"3536",5
"3537",1
"3538",5
"3539",5
"3540",1
"3541",5
"3542",5
"3543",2
"3544",2
"3545",3
"3546",3
"3547",5
"3548",3
"3549",3
"3550",1
"3551",1
"3552",1
"3553",5
"3554",5
"3555",3
"3556",5
"3557",1
"3558",5
"3559",2
"3560",1
"3561",3
"3562",1
"3563",3
"3564",1
"3565",3
"3566",5
"3567",5
"3568",2
"3569",2
"3570",4
"3571",1
"3572",5
"3573",4
"3574",5
"3575",5
"3576",5
"3577",5
"3578",1
"3579",1
"3580",1
"3581",1
"3582",5
"3583",5
"3584",5
"3585",1
"3586",1
"3587",1
"3588",3
"3589",1
"3590",5
"3591",3
"3592",1
"3593",2
"3594",5
"3595",5
"3596",1
"3597",1
"3598",2
"3599",2
"3600",1
"3601",5
"3602",5
"3603",4
"3604",5
"3605",5
"3606",1
"3607",2
"3608",1
"3609",5
"3610",3
"3611",3
"3612",5
"3613",5
"3614",1
"3615",5
"3616",1
"3617",1
"3618",1
"3619",1
"3620",2
"3621",5
"3622",5
"3623",5
"3624",2
"3625",1
"3626",5
"3627",5
"3628",2
"3629",5
"3630",1
"3631",5
"3632",3
"3633",1
"3634",3
"3635",5
"3636",3
"3637",3
"3638",1
"3639",2
"3640",2
"3641",5
"3642",3
"3643",1
"3644",5
"3645",5
"3646",5
"3647",3
"3648",5
"3649",5
"3650",5
"3651",2
"3652",5
"3653",5
"3654",1
"3655",5
"3656",1
"3657",5
"3658",1
"3659",1
"3660",5
"3661",3
"3662",1
"3663",2
"3664",5
"3665",2
"3666",5
"3667",1
"3668",3
"3669",5
"3670",1
"3671",1
"3672",5
"3673",1
"3674",1
"3675",2
"3676",1
"3677",1
"3678",2
"3679",5
"3680",1
"3681",5
"3682",1
"3683",5
"3684",5
"3685",1
"3686",5
"3687",1
"3688",5
"3689",1
"3690",1
"3691",1
"3692",1
"3693",5
"3694",5
"3695",5
"3696",1
"3697",1
"3698",2
"3699",5
"3700",1
"3701",5
"3702",1
"3703",5
"3704",1
"3705",5
"3706",1
"3707",1
"3708",1
"3709",5
"3710",1
"3711",5
"3712",5
"3713",5
"3714",4
"3715",5
"3716",1
"3717",3
"3718",3
"3719",1
"3720",5
"3721",1
"3722",2
"3723",1
"3724",3
"3725",2
"3726",1
"3727",2
"3728",5
"3729",1
"3730",1
"3731",2
"3732",5
"3733",5
"3734",1
"3735",5
"3736",1
"3737",5
"3738",1
"3739",1
"3740",2
"3741",5
"3742",5
"3743",1
"3744",5
"3745",5
"3746",1
"3747",1
"3748",3
"3749",1
"3750",5
"3751",5
"3752",3
"3753",1
"3754",1
"3755",1
"3756",5
"3757",3
"3758",1
"3759",5
"3760",1
"3761",3
"3762",3
"3763",1
"3764",1
"3765",5
"3766",5
"3767",1
"3768",1
"3769",1
"3770",5
"3771",3
"3772",1
"3773",1
"3774",3
"3775",2
"3776",5
"3777",3
"3778",1
"3779",5
"3780",5
"3781",3
"3782",1
"3783",1
"3784",1
"3785",1
"3786",5
"3787",5
"3788",1
"3789",5
"3790",1
"3791",5
"3792",1
"3793",5
"3794",2
"3795",1
"3796",5
"3797",5
"3798",2
"3799",5
"3800",5
"3801",5
"3802",4
"3803",1
"3804",1
"3805",1
"3806",1
"3807",1
"3808",2
"3809",5
"3810",4
"3811",1
"3812",1
"3813",1
"3814",1
"3815",4
"3816",5
"3817",1
"3818",5
"3819",5
"3820",1
"3821",1
"3822",3
"3823",1
"3824",5
"3825",2
"3826",1
"3827",5
"3828",3
"3829",5
"3830",5
"3831",5
"3832",5
"3833",1
"3834",1
"3835",2
"3836",1
"3837",3
"3838",3
"3839",5
"3840",1
"3841",1
"3842",1
"3843",1
"3844",3
"3845",2
"3846",1
"3847",5
"3848",4
"3849",5
"3850",5
"3851",5
"3852",1
"3853",5
"3854",1
"3855",5
"3856",2
"3857",5
"3858",5
"3859",1
"3860",5
"3861",5
"3862",5
"3863",5
"3864",3
"3865",1
"3866",3
"3867",5
"3868",5
"3869",3
"3870",1
"3871",5
"3872",5
"3873",5
"3874",5
"3875",5
"3876",5
"3877",5
"3878",1
"3879",1
"3880",4
"3881",1
"3882",1
"3883",3
"3884",1
"3885",1
"3886",1
"3887",5
"3888",1
"3889",1
"3890",5
"3891",5
"3892",5
"3893",5
"3894",3
"3895",1
"3896",5
"3897",5
"3898",1
"3899",5
"3900",3
"3901",5
"3902",5
"3903",3
"3904",1
"3905",5
"3906",1
"3907",5
"3908",5
"3909",5
"3910",2
"3911",5
"3912",2
"3913",1
"3914",1
"3915",5
"3916",5
"3917",1
"3918",5
"3919",1
"3920",1
"3921",2
"3922",1
"3923",5
"3924",5
"3925",2
"3926",2
"3927",1
"3928",1
"3929",1
"3930",5
"3931",3
"3932",3
"3933",5
"3934",1
"3935",4
"3936",5
"3937",1
"3938",4
"3939",5
"3940",5
"3941",1
"3942",5
"3943",1
"3944",5
"3945",3
"3946",5
"3947",1
"3948",1
"3949",2
"3950",5
"3951",1
"3952",5
"3953",5
"3954",2
"3955",1
"3956",5
"3957",1
"3958",3
"3959",5
"3960",1
"3961",3
"3962",5
"3963",1
"3964",1
"3965",1
"3966",5
"3967",3
"3968",5
"3969",1
"3970",5
"3971",5
"3972",5
"3973",5
"3974",2
"3975",1
"3976",1
"3977",5
"3978",1
"3979",1
"3980",2
"3981",1
"3982",5
"3983",5
"3984",1
"3985",5
"3986",3
"3987",5
"3988",2
"3989",5
"3990",1
"3991",3
"3992",2
"3993",1
"3994",2
"3995",1
"3996",1
"3997",5
"3998",5
"3999",5
"4000",5
"4001",2
"4002",5
"4003",2
"4004",5
"4005",1
"4006",5
"4007",3
"4008",1
"4009",1
"4010",5
"4011",2
"4012",5
"4013",1
"4014",1
"4015",2
"4016",1
"4017",1
"4018",3
"4019",5
"4020",5
"4021",5
"4022",1
"4023",1
"4024",3
"4025",5
"4026",1
"4027",1
"4028",1
"4029",1
"4030",3
"4031",1
"4032",5
"4033",5
"4034",5
"4035",5
"4036",1
"4037",5
"4038",5
"4039",5
"4040",1
"4041",4
"4042",5
"4043",5
"4044",3
"4045",2
"4046",2
"4047",4
"4048",1
"4049",5
"4050",2
"4051",2
"4052",1
"4053",5
"4054",1
"4055",5
"4056",1
"4057",2
"4058",1
"4059",1
"4060",1
"4061",5
"4062",1
"4063",1
"4064",1
"4065",4
"4066",1
"4067",5
"4068",1
"4069",5
"4070",1
"4071",5
"4072",2
"4073",1
"4074",1
"4075",1
"4076",1
"4077",5
"4078",2
"4079",1
"4080",1
"4081",2
"4082",1
"4083",3
"4084",5
"4085",1
"4086",3
"4087",1
"4088",3
"4089",1
"4090",1
"4091",5
"4092",1
"4093",3
"4094",5
"4095",2
"4096",3
"4097",4
"4098",5
"4099",5
"4100",5
"4101",1
"4102",1
"4103",1
"4104",2
"4105",5
"4106",5
"4107",5
"4108",5
"4109",5
"4110",1
"4111",1
"4112",5
"4113",1
"4114",5
"4115",1
"4116",1
"4117",5
"4118",1
"4119",5
"4120",1
"4121",5
"4122",5
"4123",2
"4124",1
"4125",5
"4126",1
"4127",3
"4128",5
"4129",1
"4130",5
"4131",2
"4132",1
"4133",5
"4134",1
"4135",5
"4136",1
"4137",2
"4138",1
"4139",2
"4140",2
"4141",1
"4142",5
"4143",5
"4144",1
"4145",5
"4146",5
"4147",5
"4148",5
"4149",5
"4150",1
"4151",2
"4152",5
"4153",4
"4154",5
"4155",5
"4156",3
"4157",1
"4158",5
"4159",1
"4160",2
"4161",1
"4162",1
"4163",5
"4164",3
"4165",1
"4166",3
"4167",2
"4168",5
"4169",1
"4170",1
"4171",5
"4172",4
"4173",2
"4174",1
"4175",3
"4176",1
"4177",5
"4178",3
"4179",3
"4180",2
"4181",3
"4182",5
"4183",5
"4184",1
"4185",5
"4186",5
"4187",1
"4188",2
"4189",5
"4190",3
"4191",3
"4192",5
"4193",2
"4194",5
"4195",5
"4196",1
"4197",1
"4198",5
"4199",5
"4200",3
"4201",3
"4202",5
"4203",5
"4204",3
"4205",1
"4206",2
"4207",5
"4208",2
"4209",5
"4210",3
"4211",5
"4212",3
"4213",2
"4214",1
"4215",5
"4216",3
"4217",5
"4218",1
"4219",5
"4220",1
"4221",3
"4222",5
"4223",1
"4224",5
"4225",1
"4226",5
"4227",5
"4228",5
"4229",1
"4230",5
"4231",2
"4232",5
"4233",1
"4234",5
"4235",3
"4236",1
"4237",5
"4238",2
"4239",5
"4240",1
"4241",1
"4242",2
"4243",5
"4244",5
"4245",1
"4246",2
"4247",1
"4248",2
"4249",5
"4250",5
"4251",4
"4252",5
"4253",3
"4254",2
"4255",1
"4256",3
"4257",2
"4258",3
"4259",1
"4260",3
"4261",2
"4262",5
"4263",3
"4264",4
"4265",1
"4266",5
"4267",5
"4268",2
"4269",1
"4270",5
"4271",3
"4272",3
"4273",1
"4274",3
"4275",1
"4276",5
"4277",1
"4278",1
"4279",1
"4280",1
"4281",1
"4282",1
"4283",1
"4284",5
"4285",1
"4286",1
"4287",1
"4288",3
"4289",3
"4290",2
"4291",1
"4292",5
"4293",5
"4294",5
"4295",4
"4296",2
"4297",1
"4298",5
"4299",1
"4300",5
"4301",3
"4302",5
"4303",3
"4304",5
"4305",2
"4306",1
"4307",1
"4308",1
"4309",1
"4310",5
"4311",5
"4312",1
"4313",1
"4314",1
"4315",1
"4316",4
"4317",2
"4318",2
"4319",1
"4320",1
"4321",5
"4322",5
"4323",1
"4324",3
"4325",5
"4326",3
"4327",5
"4328",5
"4329",2
"4330",1
"4331",1
"4332",3
"4333",1
"4334",5
"4335",1
"4336",1
"4337",3
"4338",5
"4339",5
"4340",2
"4341",5
"4342",4
"4343",1
"4344",1
"4345",1
"4346",1
"4347",1
"4348",3
"4349",2
"4350",1
"4351",5
"4352",2
"4353",1
"4354",3
"4355",5
"4356",5
"4357",4
"4358",3
"4359",2
"4360",2
"4361",4
"4362",1
"4363",3
"4364",5
"4365",3
"4366",5
"4367",1
"4368",2
"4369",1
"4370",1
"4371",2
"4372",5
"4373",1
"4374",5
"4375",2
"4376",1
"4377",5
"4378",1
"4379",5
"4380",5
"4381",1
"4382",3
"4383",1
"4384",1
"4385",5
"4386",1
"4387",5
"4388",1
"4389",1
"4390",1
"4391",5
"4392",1
"4393",1
"4394",4
"4395",1
"4396",1
"4397",5
"4398",1
"4399",2
"4400",5
"4401",1
"4402",5
"4403",1
"4404",3
"4405",5
"4406",5
"4407",1
"4408",5
"4409",1
"4410",1
"4411",3
"4412",1
"4413",3
"4414",1
"4415",4
"4416",4
"4417",3
"4418",1
"4419",1
"4420",5
"4421",3
"4422",1
"4423",4
"4424",5
"4425",1
"4426",5
"4427",5
"4428",5
"4429",5
"4430",1
"4431",1
"4432",5
"4433",1
"4434",5
"4435",1
"4436",3
"4437",2
"4438",1
"4439",2
"4440",5
"4441",1
"4442",1
"4443",1
"4444",5
"4445",1
"4446",1
"4447",1
"4448",5
"4449",1
"4450",5
"4451",1
"4452",5
"4453",1
"4454",1
"4455",2
"4456",1
"4457",1
"4458",5
"4459",1
"4460",1
"4461",5
"4462",2
"4463",5
"4464",1
"4465",1
"4466",3
"4467",5
"4468",5
"4469",1
"4470",5
"4471",1
"4472",3
"4473",5
"4474",2
"4475",5
"4476",1
"4477",1
"4478",1
"4479",3
"4480",5
"4481",1
"4482",5
"4483",3
"4484",1
"4485",1
"4486",2
"4487",5
"4488",1
"4489",1
"4490",5
"4491",5
"4492",1
"4493",5
"4494",1
"4495",5
"4496",4
"4497",1
"4498",2
"4499",5
"4500",1
"4501",5
"4502",1
"4503",4
"4504",5
"4505",3
"4506",1
"4507",3
"4508",1
"4509",5
"4510",5
"4511",1
"4512",1
"4513",1
"4514",1
"4515",5
"4516",3
"4517",1
"4518",5
"4519",1
"4520",5
"4521",2
"4522",2
"4523",3
"4524",5
"4525",1
"4526",1
"4527",1
"4528",1
"4529",1
"4530",5
"4531",5
"4532",1
"4533",1
"4534",2
"4535",5
"4536",1
"4537",1
"4538",5
"4539",5
"4540",1
"4541",5
"4542",2
"4543",5
"4544",1
"4545",1
"4546",2
"4547",1
"4548",1
"4549",1
"4550",1
"4551",3
"4552",5
"4553",5
"4554",3
"4555",2
"4556",5
"4557",1
"4558",3
"4559",1
"4560",2
"4561",5
"4562",4
"4563",1
"4564",1
"4565",5
"4566",5
"4567",1
"4568",3
"4569",1
"4570",1
"4571",5
"4572",2
"4573",3
"4574",5
"4575",1
"4576",1
"4577",5
"4578",5
"4579",1
"4580",5
"4581",3
"4582",5
"4583",1
"4584",1
"4585",3
"4586",5
"4587",3
"4588",1
"4589",5
"4590",5
"4591",1
"4592",1
"4593",1
"4594",1
"4595",4
"4596",5
"4597",3
"4598",5
"4599",1
"4600",5
"4601",1
"4602",5
"4603",5
"4604",5
"4605",3
"4606",1
"4607",2
"4608",1
"4609",1
"4610",1
"4611",2
"4612",5
"4613",2
"4614",5
"4615",5
"4616",3
"4617",5
"4618",5
"4619",1
"4620",1
"4621",1
"4622",1
"4623",1
"4624",3
"4625",5
"4626",1
"4627",4
"4628",1
"4629",5
"4630",2
"4631",5
"4632",5
"4633",1
"4634",1
"4635",1
"4636",5
"4637",1
"4638",5
"4639",1
"4640",1
"4641",3
"4642",1
"4643",5
"4644",5
"4645",1
"4646",4
"4647",5
"4648",1
"4649",4
"4650",1
"4651",3
"4652",1
"4653",2
"4654",5
"4655",1
"4656",3
"4657",1
"4658",1
"4659",1
"4660",1
"4661",3
"4662",1
"4663",1
"4664",1
"4665",5
"4666",5
"4667",2
"4668",5
"4669",1
"4670",5
"4671",5
"4672",5
"4673",2
"4674",2
"4675",5
"4676",1
"4677",3
"4678",5
"4679",1
"4680",1
"4681",1
"4682",1
"4683",1
"4684",5
"4685",4
"4686",5
"4687",1
"4688",3
"4689",5
"4690",1
"4691",3
"4692",5
"4693",5
"4694",5
"4695",2
"4696",1
"4697",5
"4698",5
"4699",3
"4700",4
"4701",2
"4702",1
"4703",5
"4704",5
"4705",5
"4706",2
"4707",5
"4708",3
"4709",5
"4710",1
"4711",4
"4712",5
"4713",5
"4714",5
"4715",1
"4716",1
"4717",2
"4718",5
"4719",5
"4720",3
"4721",3
"4722",5
"4723",3
"4724",5
"4725",5
"4726",1
"4727",1
"4728",5
"4729",1
"4730",5
"4731",1
"4732",5
"4733",1
"4734",5
"4735",1
"4736",5
"4737",2
"4738",5
"4739",3
"4740",1
"4741",5
"4742",2
"4743",2
"4744",1
"4745",1
"4746",1
"4747",5
"4748",5
"4749",1
"4750",1
"4751",2
"4752",5
"4753",1
"4754",2
"4755",1
"4756",5
"4757",3
"4758",3
"4759",5
"4760",1
"4761",5
"4762",1
"4763",1
"4764",1
"4765",5
"4766",5
"4767",3
"4768",5
"4769",5
"4770",1
"4771",2
"4772",2
"4773",1
"4774",3
"4775",1
"4776",2
"4777",5
"4778",1
"4779",5
"4780",3
"4781",3
"4782",5
"4783",1
"4784",5
"4785",5
"4786",5
"4787",5
"4788",1
"4789",3
"4790",1
"4791",1
"4792",1
"4793",1
"4794",3
"4795",5
"4796",5
"4797",1
"4798",5
"4799",2
"4800",1
"4801",2
"4802",1
"4803",5
"4804",2
"4805",5
"4806",1
"4807",1
"4808",1
"4809",1
"4810",2
"4811",1
"4812",2
"4813",5
"4814",1
"4815",5
"4816",1
"4817",1
"4818",5
"4819",5
"4820",1
"4821",5
"4822",5
"4823",5
"4824",1
"4825",4
"4826",3
"4827",5
"4828",1
"4829",5
"4830",1
"4831",1
"4832",1
"4833",5
"4834",1
"4835",1
"4836",5
"4837",2
"4838",5
"4839",3
"4840",5
"4841",1
"4842",1
"4843",5
"4844",5
"4845",2
"4846",1
"4847",1
"4848",5
"4849",5
"4850",3
"4851",1
"4852",5
"4853",5
"4854",5
"4855",5
"4856",5
"4857",5
"4858",1
"4859",1
"4860",5
"4861",1
"4862",5
"4863",1
"4864",1
"4865",3
"4866",1
"4867",5
"4868",3
"4869",1
"4870",5
"4871",2
"4872",5
"4873",1
"4874",5
"4875",5
"4876",3
"4877",1
"4878",1
"4879",1
"4880",1
"4881",1
"4882",1
"4883",1
"4884",5
"4885",1
"4886",1
"4887",5
"4888",5
"4889",5
"4890",5
"4891",3
"4892",5
"4893",1
"4894",5
"4895",5
"4896",5
"4897",5
"4898",1
"4899",5
"4900",5
"4901",5
"4902",5
"4903",5
"4904",1
"4905",5
"4906",2
"4907",3
"4908",5
"4909",2
"4910",1
"4911",1
"4912",5
"4913",2
"4914",5
"4915",1
"4916",1
"4917",3
"4918",1
"4919",3
"4920",2
"4921",5
"4922",4
"4923",3
"4924",3
"4925",1
"4926",3
"4927",1
"4928",4
"4929",3
"4930",4
"4931",2
"4932",5
"4933",1
"4934",5
"4935",1
"4936",1
"4937",2
"4938",5
"4939",1
"4940",4
"4941",1
"4942",3
"4943",1
"4944",1
"4945",5
"4946",1
"4947",1
"4948",1
"4949",2
"4950",1
"4951",1
"4952",5
"4953",4
"4954",1
"4955",1
"4956",5
"4957",5
"4958",5
"4959",1
"4960",5
"4961",5
"4962",5
"4963",1
"4964",3
"4965",5
"4966",5
"4967",5
"4968",5
"4969",1
"4970",1
"4971",3
"4972",1
"4973",3
"4974",1
"4975",5
"4976",1
"4977",1
"4978",5
"4979",1
"4980",3
"4981",1
"4982",5
"4983",1
"4984",1
"4985",1
"4986",1
"4987",3
"4988",3
"4989",1
"4990",5
"4991",1
"4992",4
"4993",3
"4994",1
"4995",1
"4996",5
"4997",3
"4998",3
"4999",5
"5000",1
"5001",1
"5002",5
"5003",3
"5004",1
"5005",5
"5006",1
"5007",1
"5008",1
"5009",5
"5010",1
"5011",1
"5012",3
"5013",5
"5014",1
"5015",5
"5016",1
"5017",3
"5018",3
"5019",1
"5020",1
"5021",5
"5022",3
"5023",1
"5024",1
"5025",2
"5026",3
"5027",5
"5028",1
"5029",5
"5030",4
"5031",1
"5032",5
"5033",5
"5034",1
"5035",2
"5036",2
"5037",1
"5038",5
"5039",5
"5040",3
"5041",1
"5042",1
"5043",5
"5044",5
"5045",1
"5046",5
"5047",3
"5048",1
"5049",5
"5050",5
"5051",2
"5052",1
"5053",1
"5054",5
"5055",2
"5056",5
"5057",1
"5058",5
"5059",2
"5060",1
"5061",5
"5062",1
"5063",5
"5064",1
"5065",5
"5066",4
"5067",2
"5068",2
"5069",1
"5070",1
"5071",5
"5072",5
"5073",1
"5074",3
"5075",2
"5076",1
"5077",3
"5078",5
"5079",1
"5080",5
"5081",2
"5082",3
"5083",5
"5084",2
"5085",1
"5086",2
"5087",1
"5088",5
"5089",3
"5090",1
"5091",1
"5092",1
"5093",1
"5094",5
"5095",3
"5096",1
"5097",5
"5098",5
"5099",5
"5100",1
"5101",1
"5102",1
"5103",5
"5104",1
"5105",2
"5106",5
"5107",1
"5108",5
"5109",1
"5110",3
"5111",1
"5112",5
"5113",1
"5114",2
"5115",5
"5116",1
"5117",1
"5118",1
"5119",2
"5120",5
"5121",3
"5122",1
"5123",1
"5124",1
"5125",5
"5126",5
"5127",4
"5128",5
"5129",4
"5130",5
"5131",2
"5132",3
"5133",3
"5134",5
"5135",5
"5136",2
"5137",5
"5138",4
"5139",3
"5140",1
"5141",3
"5142",5
"5143",1
"5144",1
"5145",5
"5146",1
"5147",1
"5148",2
"5149",5
"5150",5
"5151",1
"5152",2
"5153",1
"5154",5
"5155",5
"5156",5
"5157",5
"5158",5
"5159",5
"5160",2
"5161",5
"5162",5
"5163",1
"5164",1
"5165",1
"5166",1
"5167",1
"5168",5
"5169",3
"5170",3
"5171",2
"5172",1
"5173",3
"5174",2
"5175",1
"5176",1
"5177",1
"5178",2
"5179",1
"5180",5
"5181",3
"5182",1
"5183",1
"5184",1
"5185",5
"5186",1
"5187",3
"5188",1
"5189",1
"5190",1
"5191",2
"5192",4
"5193",1
"5194",5
"5195",1
"5196",5
"5197",5
"5198",5
"5199",1
"5200",5
"5201",1
"5202",5
"5203",3
"5204",1
"5205",5
"5206",1
"5207",2
"5208",1
"5209",3
"5210",1
"5211",5
"5212",3
"5213",5
"5214",1
"5215",2
"5216",5
"5217",1
"5218",1
"5219",3
"5220",1
"5221",2
"5222",1
"5223",5
"5224",1
"5225",5
"5226",1
"5227",1
"5228",1
"5229",2
"5230",1
"5231",5
"5232",2
"5233",1
"5234",5
"5235",2
"5236",1
"5237",3
"5238",3
"5239",1
"5240",1
"5241",1
"5242",1
"5243",4
"5244",1
"5245",5
"5246",2
"5247",2
"5248",5
"5249",1
"5250",5
"5251",5
"5252",5
"5253",5
"5254",5
"5255",1
"5256",5
"5257",1
"5258",1
"5259",5
"5260",3
"5261",5
"5262",1
"5263",1
"5264",1
"5265",1
"5266",1
"5267",5
"5268",1
"5269",1
"5270",1
"5271",5
"5272",1
"5273",2
"5274",2
"5275",4
"5276",5
"5277",1
"5278",5
"5279",5
"5280",5
"5281",1
"5282",2
"5283",5
"5284",2
"5285",3
"5286",1
"5287",1
"5288",2
"5289",1
"5290",2
"5291",1
"5292",4
"5293",1
"5294",2
"5295",5
"5296",5
"5297",5
"5298",5
"5299",1
"5300",1
"5301",1
"5302",5
"5303",1
"5304",3
"5305",5
"5306",5
"5307",2
"5308",5
"5309",1
"5310",1
"5311",5
"5312",1
"5313",1
"5314",1
"5315",1
"5316",3
"5317",1
"5318",5
"5319",5
"5320",3
"5321",5
"5322",1
"5323",3
"5324",2
"5325",5
"5326",1
"5327",4
"5328",5
"5329",1
"5330",5
"5331",5
"5332",5
"5333",1
"5334",1
"5335",4
"5336",1
"5337",1
"5338",5
"5339",1
"5340",3
"5341",5
"5342",2
"5343",1
"5344",1
"5345",3
"5346",5
"5347",5
"5348",5
"5349",1
"5350",5
"5351",5
"5352",3
"5353",5
"5354",1
"5355",5
"5356",3
"5357",5
"5358",2
"5359",5
"5360",1
"5361",3
"5362",3
"5363",3
"5364",1
"5365",1
"5366",5
"5367",3
"5368",4
"5369",1
"5370",5
"5371",1
"5372",1
"5373",5
"5374",5
"5375",5
"5376",3
"5377",2
"5378",1
"5379",2
"5380",3
"5381",1
"5382",3
"5383",4
"5384",1
"5385",4
"5386",2
"5387",3
"5388",5
"5389",5
"5390",2
"5391",5
"5392",5
"5393",5
"5394",5
"5395",5
"5396",5
"5397",4
"5398",5
"5399",5
"5400",4
"5401",1
"5402",5
"5403",3
"5404",1
"5405",5
"5406",1
"5407",5
"5408",4
"5409",1
"5410",5
"5411",1
"5412",3
"5413",5
"5414",4
"5415",5
"5416",1
"5417",5
"5418",1
"5419",5
"5420",5
"5421",1
"5422",5
"5423",3
"5424",5
"5425",3
"5426",3
"5427",1
"5428",2
"5429",1
"5430",1
"5431",2
"5432",1
"5433",3
"5434",5
"5435",3
"5436",5
"5437",5
"5438",1
"5439",5
"5440",4
"5441",1
"5442",2
"5443",5
"5444",2
"5445",2
"5446",1
"5447",5
"5448",5
"5449",1
"5450",1
"5451",1
"5452",2
"5453",5
"5454",1
"5455",5
"5456",2
"5457",5
"5458",2
"5459",5
"5460",1
"5461",1
"5462",3
"5463",2
"5464",5
"5465",1
"5466",3
"5467",3
"5468",2
"5469",1
"5470",5
"5471",5
"5472",1
"5473",2
"5474",1
"5475",3
"5476",5
"5477",1
"5478",1
"5479",1
"5480",5
"5481",2
"5482",5
"5483",2
"5484",5
"5485",1
"5486",1
"5487",1
"5488",1
"5489",1
"5490",5
"5491",1
"5492",3
"5493",5
"5494",5
"5495",5
"5496",5
"5497",1
"5498",5
"5499",5
"5500",5
"5501",5
"5502",5
"5503",5
"5504",1
"5505",3
"5506",1
"5507",2
"5508",5
"5509",2
"5510",5
"5511",5
"5512",5
"5513",1
"5514",5
"5515",5
"5516",3
"5517",1
"5518",3
"5519",1
"5520",1
"5521",3
"5522",3
"5523",3
"5524",5
"5525",2
"5526",1
"5527",5
"5528",1
"5529",5
"5530",3
"5531",3
"5532",5
"5533",1
"5534",1
"5535",3
"5536",1
"5537",1
"5538",3
"5539",5
"5540",5
"5541",1
"5542",5
"5543",5
"5544",5
"5545",1
"5546",5
"5547",5
"5548",5
"5549",1
"5550",3
"5551",1
"5552",3
"5553",5
"5554",4
"5555",1
"5556",1
"5557",2
"5558",2
"5559",4
"5560",3
"5561",1
"5562",5
"5563",1
"5564",1
"5565",5
"5566",5
"5567",2
"5568",3
"5569",3
"5570",2
"5571",2
"5572",4
"5573",1
"5574",1
"5575",1
"5576",1
"5577",3
"5578",3
"5579",5
"5580",3
"5581",1
"5582",5
"5583",1
"5584",1
"5585",1
"5586",1
"5587",3
"5588",5
"5589",3
"5590",4
"5591",3
"5592",5
"5593",1
"5594",5
"5595",1
"5596",4
"5597",1
"5598",5
"5599",1
"5600",3
"5601",1
"5602",5
"5603",3
"5604",1
"5605",5
"5606",5
"5607",5
"5608",5
"5609",5
"5610",5
"5611",1
"5612",1
"5613",5
"5614",5
"5615",1
"5616",1
"5617",1
"5618",3
"5619",1
"5620",1
"5621",2
"5622",5
"5623",5
"5624",4
"5625",1
"5626",5
"5627",5
"5628",1
"5629",1
"5630",5
"5631",5
"5632",5
"5633",5
"5634",5
"5635",5
"5636",3
"5637",1
"5638",1
"5639",5
"5640",1
"5641",1
"5642",5
"5643",1
"5644",3
"5645",1
"5646",1
"5647",1
"5648",5
"5649",5
"5650",5
"5651",3
"5652",1
"5653",5
"5654",1
"5655",3
"5656",3
"5657",5
"5658",1
"5659",1
"5660",1
"5661",2
"5662",1
"5663",1
"5664",5
"5665",5
"5666",1
"5667",1
"5668",1
"5669",5
"5670",5
"5671",4
"5672",5
"5673",3
"5674",1
"5675",5
"5676",1
"5677",1
"5678",4
"5679",5
"5680",2
"5681",1
"5682",1
"5683",1
"5684",3
"5685",3
"5686",5
"5687",5
"5688",2
"5689",3
"5690",3
"5691",2
"5692",1
"5693",3
"5694",5
"5695",1
"5696",1
"5697",5
"5698",1
"5699",3
"5700",5
"5701",3
"5702",3
"5703",1
"5704",5
"5705",5
"5706",1
"5707",5
"5708",1
"5709",1
"5710",2
"5711",1
"5712",2
"5713",5
"5714",3
"5715",5
"5716",2
"5717",5
"5718",5
"5719",5
"5720",4
"5721",3
"5722",2
"5723",5
"5724",5
"5725",5
"5726",5
"5727",5
"5728",1
"5729",2
"5730",3
"5731",5
"5732",1
"5733",1
"5734",1
"5735",1
"5736",5
"5737",1
"5738",2
"5739",3
"5740",1
"5741",3
"5742",4
"5743",2
"5744",1
"5745",4
"5746",1
"5747",5
"5748",5
"5749",1
"5750",1
"5751",5
"5752",1
"5753",1
"5754",1
"5755",1
"5756",1
"5757",5
"5758",5
"5759",4
"5760",1
"5761",5
"5762",5
"5763",2
"5764",1
"5765",2
"5766",2
"5767",3
"5768",2
"5769",5
"5770",5
"5771",5
"5772",2
"5773",1
"5774",1
"5775",5
"5776",2
"5777",3
"5778",1
"5779",4
"5780",5
"5781",5
"5782",1
"5783",5
"5784",5
"5785",5
"5786",2
"5787",1
"5788",2
"5789",1
"5790",5
"5791",5
"5792",2
"5793",1
"5794",1
"5795",5
"5796",2
"5797",5
"5798",1
"5799",5
"5800",1
"5801",5
"5802",1
"5803",5
"5804",1
"5805",1
"5806",1
"5807",5
"5808",1
"5809",1
"5810",5
"5811",3
"5812",2
"5813",1
"5814",5
"5815",5
"5816",5
"5817",1
"5818",1
"5819",5
"5820",3
"5821",5
"5822",5
"5823",1
"5824",2
"5825",2
"5826",3
"5827",1
"5828",5
"5829",5
"5830",5
"5831",5
"5832",5
"5833",2
"5834",2
"5835",1
"5836",5
"5837",1
"5838",3
"5839",5
"5840",1
"5841",2
"5842",5
"5843",5
"5844",5
"5845",5
"5846",1
"5847",1
"5848",1
"5849",1
"5850",3
"5851",1
"5852",5
"5853",1
"5854",1
"5855",5
"5856",5
"5857",3
"5858",1
"5859",1
"5860",1
"5861",1
"5862",5
"5863",1
"5864",2
"5865",5
"5866",5
"5867",5
"5868",1
"5869",3
"5870",3
"5871",1
"5872",5
"5873",5
"5874",1
"5875",1
"5876",5
"5877",2
"5878",1
"5879",1
"5880",1
"5881",3
"5882",1
"5883",5
"5884",5
"5885",3
"5886",1
"5887",4
"5888",1
"5889",1
"5890",1
"5891",5
"5892",1
"5893",2
"5894",5
"5895",1
"5896",1
"5897",3
"5898",5
"5899",1
"5900",5
"5901",1
"5902",1
"5903",1
"5904",1
"5905",5
"5906",5
"5907",5
"5908",2
"5909",1
"5910",1
"5911",5
"5912",1
"5913",1
"5914",5
"5915",5
"5916",3
"5917",5
"5918",1
"5919",5
"5920",1
"5921",4
"5922",3
"5923",5
"5924",3
"5925",1
"5926",5
"5927",5
"5928",3
"5929",1
"5930",1
"5931",1
"5932",1
"5933",1
"5934",5
"5935",1
"5936",2
"5937",5
"5938",5
"5939",1
"5940",1
"5941",1
"5942",1
"5943",1
"5944",5
"5945",5
"5946",5
"5947",5
"5948",1
"5949",5
"5950",1
"5951",5
"5952",5
"5953",5
"5954",5
"5955",5
"5956",5
"5957",5
"5958",1
"5959",1
"5960",2
"5961",5
"5962",1
"5963",1
"5964",1
"5965",5
"5966",5
"5967",5
"5968",2
"5969",1
"5970",3
"5971",5
"5972",5
"5973",1
"5974",1
"5975",1
"5976",5
"5977",1
"5978",5
"5979",1
"5980",4
"5981",5
"5982",5
"5983",5
"5984",3
"5985",5
"5986",1
"5987",5
"5988",1
"5989",5
"5990",5
"5991",5
"5992",3
"5993",5
"5994",1
"5995",3
"5996",1
"5997",3
"5998",1
"5999",5
"6000",1
"6001",3
"6002",3
"6003",5
"6004",5
"6005",3
"6006",2
"6007",1
"6008",1
"6009",2
"6010",5
"6011",1
"6012",5
"6013",5
"6014",3
"6015",3
"6016",5
"6017",5
"6018",1
"6019",1
"6020",1
"6021",5
"6022",2
"6023",5
"6024",5
"6025",1
"6026",5
"6027",1
"6028",5
"6029",5
"6030",2
"6031",3
"6032",1
"6033",5
"6034",2
"6035",5
"6036",1
"6037",1
"6038",1
"6039",5
"6040",5
"6041",5
"6042",2
"6043",3
"6044",1
"6045",4
"6046",5
"6047",5
"6048",5
"6049",4
"6050",1
"6051",5
"6052",5
"6053",1
"6054",5
"6055",1
"6056",3
"6057",3
"6058",1
"6059",5
"6060",5
"6061",5
"6062",5
"6063",1
"6064",1
"6065",1
"6066",5
"6067",3
"6068",5
"6069",1
"6070",2
"6071",5
"6072",4
"6073",2
"6074",1
"6075",5
"6076",5
"6077",2
"6078",1
"6079",1
"6080",2
"6081",1
"6082",1
"6083",1
"6084",5
"6085",5
"6086",4
"6087",5
"6088",1
"6089",4
"6090",3
"6091",1
"6092",1
"6093",5
"6094",2
"6095",2
"6096",5
"6097",3
"6098",2
"6099",1
"6100",1
"6101",5
"6102",5
"6103",1
"6104",1
"6105",3
"6106",5
"6107",5
"6108",3
"6109",1
"6110",1
"6111",5
"6112",5
"6113",1
"6114",2
"6115",1
"6116",5
"6117",5
"6118",1
"6119",5
"6120",5
"6121",1
"6122",5
"6123",3
"6124",1
"6125",5
"6126",5
"6127",5
"6128",4
"6129",5
"6130",1
"6131",3
"6132",5
"6133",1
"6134",1
"6135",5
"6136",5
"6137",1
"6138",1
"6139",5
"6140",5
"6141",3
"6142",5
"6143",5
"6144",3
"6145",1
"6146",5
"6147",5
"6148",1
"6149",1
"6150",3
"6151",3
"6152",5
"6153",3
"6154",2
"6155",1
"6156",1
"6157",5
"6158",1
"6159",1
"6160",2
"6161",5
"6162",1
"6163",4
"6164",1
"6165",5
"6166",1
"6167",5
"6168",3
"6169",1
"6170",1
"6171",1
"6172",5
"6173",1
"6174",4
"6175",5
"6176",5
"6177",1
"6178",5
"6179",4
"6180",1
"6181",1
"6182",3
"6183",1
"6184",1
"6185",1
"6186",2
"6187",4
"6188",5
"6189",2
"6190",5
"6191",1
"6192",5
"6193",5
"6194",1
"6195",1
"6196",1
"6197",1
"6198",1
"6199",1
"6200",1
"6201",2
"6202",1
"6203",5
"6204",3
"6205",1
"6206",5
"6207",5
"6208",5
"6209",5
"6210",1
"6211",5
"6212",2
"6213",5
"6214",2
"6215",5
"6216",5
"6217",3
"6218",2
"6219",1
"6220",1
"6221",5
"6222",1
"6223",5
"6224",5
"6225",5
"6226",1
"6227",1
"6228",5
"6229",1
"6230",1
"6231",5
"6232",5
"6233",5
"6234",1
"6235",1
"6236",4
"6237",5
"6238",1
"6239",1
"6240",1
"6241",3
"6242",5
"6243",1
"6244",5
"6245",1
"6246",5
"6247",1
"6248",5
"6249",1
"6250",5
"6251",1
"6252",1
"6253",1
"6254",5
"6255",3
"6256",4
"6257",1
"6258",5
"6259",5
"6260",1
"6261",1
"6262",5
"6263",3
"6264",5
"6265",5
"6266",1
"6267",1
"6268",1
"6269",4
"6270",5
"6271",1
"6272",1
"6273",5
"6274",5
"6275",1
"6276",1
"6277",1
"6278",5
"6279",1
"6280",1
"6281",1
"6282",5
"6283",5
"6284",3
"6285",3
"6286",3
"6287",5
"6288",5
"6289",1
"6290",2
"6291",2
"6292",5
"6293",5
"6294",5
"6295",1
"6296",3
"6297",5
"6298",5
"6299",1
"6300",5
"6301",2
"6302",5
"6303",3
"6304",1
"6305",5
"6306",5
"6307",5
"6308",1
"6309",5
"6310",1
"6311",5
"6312",2
"6313",5
"6314",5
"6315",3
"6316",4
"6317",1
"6318",3
"6319",5
"6320",5
"6321",2
"6322",5
"6323",3
"6324",3
"6325",2
"6326",2
"6327",3
"6328",5
"6329",1
"6330",1
"6331",1
"6332",1
"6333",5
"6334",3
"6335",1
"6336",5
"6337",5
"6338",1
"6339",5
"6340",2
"6341",1
"6342",3
"6343",5
"6344",1
"6345",5
"6346",1
"6347",5
"6348",2
"6349",5
"6350",2
"6351",1
"6352",5
"6353",5
"6354",3
"6355",1
"6356",2
"6357",2
"6358",4
"6359",3
"6360",5
"6361",5
"6362",1
"6363",1
"6364",2
"6365",1
"6366",3
"6367",5
"6368",4
"6369",1
"6370",1
"6371",1
"6372",5
"6373",1
"6374",5
"6375",3
"6376",3
"6377",5
"6378",5
"6379",5
"6380",1
"6381",5
"6382",1
"6383",3
"6384",5
"6385",5
"6386",4
"6387",5
"6388",2
"6389",5
"6390",4
"6391",1
"6392",3
"6393",1
"6394",3
"6395",2
"6396",1
"6397",1
"6398",5
"6399",3
"6400",1
"6401",5
"6402",1
"6403",1
"6404",1
"6405",1
"6406",5
"6407",5
"6408",5
"6409",5
"6410",1
"6411",5
"6412",3
"6413",1
"6414",5
"6415",3
"6416",5
"6417",4
"6418",3
"6419",5
"6420",3
"6421",5
"6422",1
"6423",2
"6424",1
"6425",5
"6426",5
"6427",5
"6428",1
"6429",1
"6430",2
"6431",1
"6432",1
"6433",1
"6434",5
"6435",1
"6436",5
"6437",1
"6438",5
"6439",5
"6440",5
"6441",5
"6442",5
"6443",2
"6444",5
"6445",5
"6446",1
"6447",3
"6448",1
"6449",1
"6450",1
"6451",5
"6452",2
"6453",1
"6454",3
"6455",1
"6456",5
"6457",2
"6458",1
"6459",4
"6460",1
"6461",5
"6462",1
"6463",2
"6464",5
"6465",5
"6466",5
"6467",1
"6468",4
"6469",2
"6470",3
"6471",1
"6472",1
"6473",3
"6474",5
"6475",1
"6476",5
"6477",1
"6478",1
"6479",5
"6480",2
"6481",4
"6482",1
"6483",5
"6484",5
"6485",1
"6486",1
"6487",2
"6488",1
"6489",1
"6490",5
"6491",5
"6492",3
"6493",1
"6494",3
"6495",1
"6496",5
"6497",1
"6498",5
"6499",1
"6500",1
"6501",5
"6502",2
"6503",3
"6504",1
"6505",2
"6506",1
"6507",3
"6508",5
"6509",1
"6510",5
"6511",1
"6512",3
"6513",1
"6514",1
"6515",2
"6516",1
"6517",5
"6518",1
"6519",5
"6520",3
"6521",5
"6522",1
"6523",1
"6524",4
"6525",1
"6526",1
"6527",5
"6528",5
"6529",5
"6530",2
"6531",3
"6532",3
"6533",5
"6534",3
"6535",1
"6536",1
"6537",1
"6538",4
"6539",1
"6540",5
"6541",1
"6542",5
"6543",1
"6544",1
"6545",5
"6546",5
"6547",5
"6548",5
"6549",1
"6550",5
"6551",4
"6552",1
"6553",5
"6554",5
"6555",5
"6556",3
"6557",1
"6558",1
"6559",1
"6560",1
"6561",3
"6562",5
"6563",1
"6564",5
"6565",5
"6566",1
"6567",5
"6568",1
"6569",1
"6570",1
"6571",5
"6572",1
"6573",1
"6574",1
"6575",3
"6576",1
"6577",5
"6578",5
"6579",1
"6580",1
"6581",5
"6582",5
"6583",1
"6584",3
"6585",5
"6586",1
"6587",5
"6588",3
"6589",5
"6590",5
"6591",1
"6592",5
"6593",3
"6594",1
"6595",5
"6596",5
"6597",1
"6598",5
"6599",5
"6600",1
"6601",5
"6602",1
"6603",5
"6604",1
"6605",3
"6606",5
"6607",1
"6608",5
"6609",1
"6610",3
"6611",5
"6612",1
"6613",1
"6614",5
"6615",5
"6616",5
"6617",1
"6618",1
"6619",1
"6620",5
"6621",5
"6622",2
"6623",5
"6624",5
"6625",1
"6626",1
"6627",1
"6628",1
"6629",1
"6630",1
"6631",3
"6632",5
"6633",5
"6634",2
"6635",1
"6636",5
"6637",1
"6638",5
"6639",2
"6640",5
"6641",5
"6642",1
"6643",5
"6644",2
"6645",5
"6646",5
"6647",5
"6648",5
"6649",5
"6650",5
"6651",5
"6652",1
"6653",5
"6654",5
"6655",5
"6656",5
"6657",1
"6658",1
"6659",5
"6660",3
"6661",2
"6662",1
"6663",1
"6664",5
"6665",3
"6666",5
"6667",1
"6668",5
"6669",5
"6670",5
"6671",5
"6672",1
"6673",5
"6674",1
"6675",3
"6676",5
"6677",1
"6678",5
"6679",1
"6680",2
"6681",4
"6682",1
"6683",5
"6684",1
"6685",2
"6686",5
"6687",5
"6688",2
"6689",1
"6690",2
"6691",1
"6692",1
"6693",5
"6694",1
"6695",4
"6696",3
"6697",5
"6698",5
"6699",2
"6700",5
"6701",1
"6702",5
"6703",5
"6704",2
"6705",3
"6706",1
"6707",5
"6708",1
"6709",5
"6710",1
"6711",3
"6712",4
"6713",5
"6714",5
"6715",5
"6716",1
"6717",5
"6718",5
"6719",4
"6720",3
"6721",5
"6722",1
"6723",3
"6724",1
"6725",5
"6726",5
"6727",5
"6728",5
"6729",2
"6730",1
"6731",5
"6732",2
"6733",5
"6734",3
"6735",5
"6736",1
"6737",2
"6738",3
"6739",3
"6740",5
"6741",5
"6742",4
"6743",2
"6744",5
"6745",3
"6746",1
"6747",1
"6748",2
"6749",5
"6750",1
"6751",1
"6752",5
"6753",1
"6754",5
"6755",5
"6756",4
"6757",5
"6758",5
"6759",1
"6760",3
"6761",1
"6762",1
"6763",5
"6764",3
"6765",1
"6766",1
"6767",5
"6768",1
"6769",1
"6770",5
"6771",3
"6772",5
"6773",3
"6774",2
"6775",1
"6776",5
"6777",1
"6778",2
"6779",5
"6780",1
"6781",5
"6782",5
"6783",1
"6784",1
"6785",1
"6786",1
"6787",5
"6788",5
"6789",3
"6790",1
"6791",3
"6792",5
"6793",1
"6794",5
"6795",1
"6796",5
"6797",2
"6798",5
"6799",1
"6800",5
"6801",5
"6802",5
"6803",1
"6804",5
"6805",2
"6806",2
"6807",1
"6808",1
"6809",5
"6810",1
"6811",1
"6812",1
"6813",5
"6814",5
"6815",5
"6816",4
"6817",3
"6818",2
"6819",1
"6820",3
"6821",2
"6822",1
"6823",1
"6824",5
"6825",1
"6826",5
"6827",5
"6828",1
"6829",3
"6830",1
"6831",5
"6832",1
"6833",1
"6834",1
"6835",1
"6836",3
"6837",1
"6838",5
"6839",5
"6840",1
"6841",1
"6842",5
"6843",5
"6844",1
"6845",1
"6846",1
"6847",1
"6848",1
"6849",2
"6850",2
"6851",1
"6852",1
"6853",5
"6854",5
"6855",1
"6856",5
"6857",1
"6858",1
"6859",1
"6860",1
"6861",1
"6862",1
"6863",3
"6864",1
"6865",5
"6866",5
"6867",1
"6868",1
"6869",3
"6870",1
"6871",5
"6872",3
"6873",3
"6874",5
"6875",2
"6876",1
"6877",5
"6878",5
"6879",3
"6880",5
"6881",2
"6882",5
"6883",5
"6884",1
"6885",1
"6886",4
"6887",2
"6888",4
"6889",3
"6890",1
"6891",5
"6892",1
"6893",3
"6894",3
"6895",1
"6896",4
"6897",5
"6898",1
"6899",1
"6900",5
"6901",1
"6902",5
"6903",2
"6904",5
"6905",5
"6906",5
"6907",1
"6908",3
"6909",1
"6910",5
"6911",5
"6912",1
"6913",3
"6914",1
"6915",1
"6916",1
"6917",2
"6918",1
"6919",5
"6920",1
"6921",1
"6922",1
"6923",1
"6924",1
"6925",1
"6926",5
"6927",2
"6928",1
"6929",1
"6930",1
"6931",5
"6932",5
"6933",1
"6934",5
"6935",1
"6936",3
"6937",5
"6938",1
"6939",2
"6940",2
"6941",5
"6942",5
"6943",1
"6944",1
"6945",5
"6946",5
"6947",1
"6948",2
"6949",1
"6950",5
"6951",3
"6952",5
"6953",5
"6954",1
"6955",1
"6956",1
"6957",5
"6958",1
"6959",5
"6960",1
"6961",5
"6962",5
"6963",5
"6964",5
"6965",5
"6966",3
"6967",2
"6968",1
"6969",3
"6970",1
"6971",1
"6972",3
"6973",3
"6974",5
"6975",1
"6976",5
"6977",2
"6978",1
"6979",1
"6980",1
"6981",3
"6982",1
"6983",5
"6984",1
"6985",1
"6986",5
"6987",1
"6988",5
"6989",5
"6990",1
"6991",5
"6992",5
"6993",1
"6994",1
"6995",2
"6996",1
"6997",5
"6998",1
"6999",2
"7000",2
"7001",1
"7002",5
"7003",3
"7004",2
"7005",1
"7006",3
"7007",1
"7008",1
"7009",5
"7010",1
"7011",3
"7012",5
"7013",1
"7014",5
"7015",5
"7016",1
"7017",5
"7018",5
"7019",1
"7020",5
"7021",1
"7022",1
"7023",1
"7024",5
"7025",2
"7026",5
"7027",4
"7028",5
"7029",1
"7030",1
"7031",5
"7032",3
"7033",1
"7034",5
"7035",3
"7036",4
"7037",5
"7038",5
"7039",1
"7040",1
"7041",5
"7042",5
"7043",5
"7044",1
"7045",1
"7046",1
"7047",5
"7048",4
"7049",1
"7050",5
"7051",3
"7052",1
"7053",1
"7054",5
"7055",3
"7056",5
"7057",5
"7058",5
"7059",5
"7060",1
"7061",4
"7062",5
"7063",1
"7064",1
"7065",5
"7066",2
"7067",1
"7068",1
"7069",1
"7070",5
"7071",1
"7072",1
"7073",5
"7074",1
"7075",5
"7076",1
"7077",1
"7078",1
"7079",4
"7080",5
"7081",1
"7082",1
"7083",1
"7084",5
"7085",1
"7086",5
"7087",5
"7088",3
"7089",5
"7090",1
"7091",5
"7092",5
"7093",4
"7094",2
"7095",5
"7096",5
"7097",4
"7098",1
"7099",2
"7100",5
"7101",5
"7102",1
"7103",5
"7104",3
"7105",2
"7106",1
"7107",5
"7108",1
"7109",5
"7110",3
"7111",1
"7112",5
"7113",2
"7114",2
"7115",1
"7116",5
"7117",1
"7118",1
"7119",1
"7120",5
"7121",3
"7122",2
"7123",1
"7124",1
"7125",3
"7126",3
"7127",1
"7128",2
"7129",5
"7130",2
"7131",3
"7132",5
"7133",3
"7134",5
"7135",2
"7136",1
"7137",1
"7138",1
"7139",5
"7140",5
"7141",1
"7142",1
"7143",5
"7144",1
"7145",2
"7146",3
"7147",5
"7148",5
"7149",5
"7150",3
"7151",1
"7152",1
"7153",5
"7154",2
"7155",2
"7156",5
"7157",2
"7158",5
"7159",1
"7160",5
"7161",2
"7162",5
"7163",3
"7164",1
"7165",3
"7166",2
"7167",5
"7168",1
"7169",5
"7170",5
"7171",1
"7172",5
"7173",5
"7174",1
"7175",5
"7176",5
"7177",3
"7178",1
"7179",3
"7180",1
"7181",5
"7182",1
"7183",5
"7184",5
"7185",1
"7186",5
"7187",1
"7188",1
"7189",5
"7190",5
"7191",1
"7192",2
"7193",5
"7194",1
"7195",5
"7196",1
"7197",1
"7198",5
"7199",1
"7200",1
"7201",5
"7202",1
"7203",1
"7204",5
"7205",1
"7206",1
"7207",5
"7208",5
"7209",1
"7210",3
"7211",1
"7212",5
"7213",5
"7214",1
"7215",2
"7216",2
"7217",5
"7218",3
"7219",1
"7220",1
"7221",1
"7222",5
"7223",3
"7224",5
"7225",3
"7226",5
"7227",1
"7228",2
"7229",5
"7230",1
"7231",1
"7232",4
"7233",5
"7234",5
"7235",1
"7236",5
"7237",5
"7238",5
"7239",3
"7240",1
"7241",5
"7242",3
"7243",2
"7244",5
"7245",5
"7246",5
"7247",1
"7248",3
"7249",1
"7250",1
"7251",1
"7252",1
"7253",3
"7254",4
"7255",1
"7256",1
"7257",5
"7258",3
"7259",5
"7260",4
"7261",1
"7262",1
"7263",3
"7264",5
"7265",2
"7266",5
"7267",5
"7268",1
"7269",4
"7270",5
"7271",2
"7272",5
"7273",1
"7274",3
"7275",4
"7276",1
"7277",5
"7278",1
"7279",5
"7280",1
"7281",1
"7282",4
"7283",1
"7284",1
"7285",1
"7286",5
"7287",1
"7288",5
"7289",5
"7290",5
"7291",5
"7292",1
"7293",3
"7294",1
"7295",4
"7296",1
"7297",1
"7298",1
"7299",1
"7300",5
"7301",1
"7302",2
"7303",5
"7304",5
"7305",1
"7306",5
"7307",1
"7308",5
"7309",4
"7310",1
"7311",5
"7312",5
"7313",5
"7314",5
"7315",5
"7316",3
"7317",1
"7318",5
"7319",1
"7320",2
"7321",1
"7322",5
"7323",4
"7324",5
"7325",4
"7326",5
"7327",1
"7328",5
"7329",5
"7330",5
"7331",1
"7332",2
"7333",1
"7334",5
"7335",5
"7336",1
"7337",5
"7338",1
"7339",3
"7340",1
"7341",5
"7342",1
"7343",5
"7344",3
"7345",1
"7346",1
"7347",2
"7348",5
"7349",4
"7350",1
"7351",1
"7352",3
"7353",5
"7354",2
"7355",1
"7356",1
"7357",1
"7358",3
"7359",3
"7360",5
"7361",1
"7362",3
"7363",1
"7364",1
"7365",2
"7366",2
"7367",1
"7368",5
"7369",4
"7370",1
"7371",1
"7372",5
"7373",5
"7374",1
"7375",1
"7376",5
"7377",5
"7378",5
"7379",1
"7380",4
"7381",1
"7382",1
"7383",3
"7384",5
"7385",5
"7386",5
"7387",1
"7388",1
"7389",5
"7390",1
"7391",3
"7392",1
"7393",1
"7394",1
"7395",5
"7396",5
"7397",1
"7398",1
"7399",1
"7400",2
"7401",5
"7402",2
"7403",5
"7404",1
"7405",5
"7406",3
"7407",1
"7408",5
"7409",5
"7410",5
"7411",5
"7412",3
"7413",5
"7414",5
"7415",2
"7416",1
"7417",5
"7418",1
"7419",1
"7420",1
"7421",5
"7422",1
"7423",3
"7424",1
"7425",2
"7426",1
"7427",2
"7428",3
"7429",5
"7430",2
"7431",5
"7432",1
"7433",5
"7434",5
"7435",1
"7436",1
"7437",1
"7438",5
"7439",5
"7440",2
"7441",5
"7442",1
"7443",2
"7444",4
"7445",5
"7446",1
"7447",1
"7448",1
"7449",5
"7450",5
"7451",5
"7452",1
"7453",3
"7454",1
"7455",1
"7456",5
"7457",3
"7458",1
"7459",5
"7460",1
"7461",1
"7462",5
"7463",5
"7464",5
"7465",5
"7466",1
"7467",1
"7468",1
"7469",5
"7470",5
"7471",5
"7472",1
"7473",5
"7474",1
"7475",2
"7476",1
"7477",1
"7478",1
"7479",3
"7480",5
"7481",5
"7482",3
"7483",1
"7484",5
"7485",5
"7486",1
"7487",1
"7488",1
"7489",1
"7490",5
"7491",1
"7492",1
"7493",5
"7494",5
"7495",1
"7496",5
"7497",5
"7498",3
"7499",4
"7500",1
"7501",3
"7502",5
"7503",1
"7504",5
"7505",5
"7506",5
"7507",1
"7508",1
"7509",2
"7510",1
"7511",3
"7512",1
"7513",1
"7514",4
"7515",3
"7516",3
"7517",5
"7518",2
"7519",5
"7520",5
"7521",3
"7522",5
"7523",5
"7524",1
"7525",5
"7526",3
"7527",2
"7528",5
"7529",5
"7530",5
"7531",5
"7532",1
"7533",1
"7534",5
"7535",1
"7536",1
"7537",1
"7538",5
"7539",1
"7540",5
"7541",5
"7542",1
"7543",4
"7544",1
"7545",5
"7546",1
"7547",1
"7548",1
"7549",5
"7550",1
"7551",1
"7552",3
"7553",5
"7554",5
"7555",5
"7556",5
"7557",1
"7558",5
"7559",5
"7560",5
"7561",1
"7562",1
"7563",5
"7564",1
"7565",5
"7566",5
"7567",1
"7568",1
"7569",5
"7570",1
"7571",5
"7572",5
"7573",2
"7574",5
"7575",1
"7576",3
"7577",1
"7578",5
"7579",1
"7580",1
"7581",5
"7582",5
"7583",5
"7584",5
"7585",1
"7586",2
"7587",1
"7588",2
"7589",1
"7590",3
"7591",1
"7592",5
"7593",3
"7594",1
"7595",1
"7596",5
"7597",5
"7598",1
"7599",5
"7600",2
"7601",1
"7602",1
"7603",1
"7604",5
"7605",5
"7606",1
"7607",1
"7608",1
"7609",5
"7610",5
"7611",1
"7612",1
"7613",5
"7614",5
"7615",3
"7616",3
"7617",5
"7618",3
"7619",2
"7620",5
"7621",1
"7622",5
"7623",2
"7624",1
"7625",5
"7626",5
"7627",1
"7628",1
"7629",1
"7630",1
"7631",1
"7632",1
"7633",3
"7634",5
"7635",5
"7636",5
"7637",5
"7638",1
"7639",4
"7640",5
"7641",4
"7642",1
"7643",5
"7644",5
"7645",5
"7646",5
"7647",1
"7648",1
"7649",5
"7650",1
"7651",1
"7652",1
"7653",3
"7654",1
"7655",1
"7656",5
"7657",5
"7658",5
"7659",5
"7660",5
"7661",3
"7662",1
"7663",1
"7664",1
"7665",4
"7666",5
"7667",1
"7668",1
"7669",2
"7670",5
"7671",5
"7672",5
"7673",3
"7674",3
"7675",1
"7676",5
"7677",3
"7678",1
"7679",1
"7680",2
"7681",1
"7682",1
"7683",5
"7684",1
"7685",5
"7686",5
"7687",1
"7688",2
"7689",5
"7690",5
"7691",1
"7692",5
"7693",3
"7694",2
"7695",2
"7696",5
"7697",5
"7698",1
"7699",5
"7700",2
"7701",2
"7702",5
"7703",5
"7704",1
"7705",1
"7706",1
"7707",1
"7708",1
"7709",5
"7710",5
"7711",1
"7712",5
"7713",1
"7714",5
"7715",2
"7716",5
"7717",3
"7718",5
"7719",1
"7720",3
"7721",1
"7722",4
"7723",5
"7724",1
"7725",1
"7726",1
"7727",5
"7728",4
"7729",3
"7730",1
"7731",5
"7732",1
"7733",1
"7734",5
"7735",1
"7736",5
"7737",1
"7738",3
"7739",1
"7740",3
"7741",5
"7742",2
"7743",5
"7744",2
"7745",2
"7746",1
"7747",1
"7748",5
"7749",5
"7750",1
"7751",1
"7752",1
"7753",5
"7754",3
"7755",5
"7756",5
"7757",1
"7758",5
"7759",3
"7760",1
"7761",1
"7762",2
"7763",3
"7764",5
"7765",1
"7766",1
"7767",1
"7768",4
"7769",1
"7770",5
"7771",5
"7772",3
"7773",1
"7774",1
"7775",5
"7776",2
"7777",5
"7778",3
"7779",2
"7780",1
"7781",3
"7782",1
"7783",5
"7784",2
"7785",1
"7786",3
"7787",5
"7788",1
"7789",1
"7790",1
"7791",1
"7792",5
"7793",1
"7794",5
"7795",5
"7796",1
"7797",5
"7798",5
"7799",5
"7800",5
"7801",1
"7802",3
"7803",5
"7804",1
"7805",5
"7806",4
"7807",1
"7808",1
"7809",5
"7810",5
"7811",1
"7812",5
"7813",5
"7814",4
"7815",2
"7816",2
"7817",5
"7818",2
"7819",1
"7820",1
"7821",1
"7822",5
"7823",1
"7824",1
"7825",2
"7826",1
"7827",1
"7828",1
"7829",5
"7830",5
"7831",5
"7832",2
"7833",1
"7834",4
"7835",5
"7836",1
"7837",3
"7838",1
"7839",1
"7840",1
"7841",1
"7842",5
"7843",1
"7844",5
"7845",2
"7846",5
"7847",3
"7848",1
"7849",5
"7850",1
"7851",1
"7852",1
"7853",5
"7854",5
"7855",2
"7856",5
"7857",1
"7858",3
"7859",2
"7860",5
"7861",5
"7862",1
"7863",1
"7864",5
"7865",5
"7866",5
"7867",5
"7868",5
"7869",2
"7870",1
"7871",4
"7872",5
"7873",4
"7874",1
"7875",1
"7876",5
"7877",1
"7878",5
"7879",5
"7880",5
"7881",3
"7882",1
"7883",1
"7884",5
"7885",5
"7886",2
"7887",1
"7888",3
"7889",1
"7890",5
"7891",4
"7892",5
"7893",1
"7894",5
"7895",1
"7896",1
"7897",2
"7898",1
"7899",5
"7900",5
"7901",1
"7902",5
"7903",5
"7904",1
"7905",1
"7906",1
"7907",5
"7908",5
"7909",5
"7910",1
"7911",1
"7912",5
"7913",1
"7914",1
"7915",4
"7916",5
"7917",3
"7918",1
"7919",2
"7920",5
"7921",2
"7922",5
"7923",5
"7924",1
"7925",1
"7926",3
"7927",2
"7928",1
"7929",1
"7930",1
"7931",1
"7932",5
"7933",2
"7934",1
"7935",5
"7936",1
"7937",1
"7938",1
"7939",2
"7940",1
"7941",3
"7942",3
"7943",5
"7944",1
"7945",3
"7946",5
"7947",3
"7948",5
"7949",2
"7950",5
"7951",1
"7952",5
"7953",1
"7954",1
"7955",1
"7956",3
"7957",5
"7958",5
"7959",5
"7960",3
"7961",1
"7962",5
"7963",3
"7964",5
"7965",3
"7966",1
"7967",5
"7968",1
"7969",1
"7970",5
"7971",3
"7972",5
"7973",5
"7974",2
"7975",5
"7976",5
"7977",3
"7978",5
"7979",5
"7980",1
"7981",5
"7982",1
"7983",2
"7984",1
"7985",3
"7986",2
"7987",5
"7988",3
"7989",1
"7990",1
"7991",5
"7992",5
"7993",5
"7994",1
"7995",1
"7996",5
"7997",1
"7998",3
"7999",1
"8000",3
"8001",1
"8002",1
"8003",3
"8004",1
"8005",5
"8006",5
"8007",1
"8008",5
"8009",1
"8010",1
"8011",1
"8012",1
"8013",2
"8014",3
"8015",5
"8016",2
"8017",1
"8018",1
"8019",5
"8020",5
"8021",5
"8022",2
"8023",1
"8024",5
"8025",5
"8026",1
"8027",1
"8028",1
"8029",5
"8030",5
"8031",5
"8032",1
"8033",5
"8034",5
"8035",1
"8036",1
"8037",1
"8038",5
"8039",1
"8040",1
"8041",4
"8042",3
"8043",5
"8044",1
"8045",5
"8046",4
"8047",1
"8048",1
"8049",5
"8050",5
"8051",1
"8052",5
"8053",2
"8054",1
"8055",1
"8056",1
"8057",5
"8058",5
"8059",1
"8060",4
"8061",1
"8062",5
"8063",5
"8064",5
"8065",1
"8066",5
"8067",5
"8068",3
"8069",2
"8070",5
"8071",5
"8072",3
"8073",4
"8074",2
"8075",3
"8076",5
"8077",1
"8078",1
"8079",1
"8080",5
"8081",1
"8082",5
"8083",1
"8084",1
"8085",1
"8086",4
"8087",1
"8088",5
"8089",5
"8090",1
"8091",1
"8092",1
"8093",2
"8094",5
"8095",5
"8096",1
"8097",5
"8098",1
"8099",5
"8100",5
"8101",1
"8102",3
"8103",5
"8104",1
"8105",5
"8106",1
"8107",1
"8108",5
"8109",1
"8110",1
"8111",1
"8112",1
"8113",5
"8114",1
"8115",1
"8116",5
"8117",5
"8118",1
"8119",5
"8120",5
"8121",1
"8122",1
"8123",1
"8124",5
"8125",1
"8126",3
"8127",1
"8128",5
"8129",1
"8130",1
"8131",3
"8132",5
"8133",1
"8134",1
"8135",5
"8136",1
"8137",1
"8138",1
"8139",5
"8140",5
"8141",5
"8142",1
"8143",1
"8144",1
"8145",2
"8146",5
"8147",1
"8148",5
"8149",2
"8150",1
"8151",1
"8152",5
"8153",5
"8154",1
"8155",1
"8156",5
"8157",3
"8158",5
"8159",1
"8160",1
"8161",2
"8162",5
"8163",5
"8164",5
"8165",1
"8166",1
"8167",3
"8168",5
"8169",1
"8170",1
"8171",1
"8172",1
"8173",1
"8174",1
"8175",2
"8176",1
"8177",5
"8178",3
"8179",5
"8180",2
"8181",1
"8182",1
"8183",1
"8184",2
"8185",4
"8186",5
"8187",2
"8188",5
"8189",2
"8190",2
"8191",1
"8192",3
"8193",5
"8194",1
"8195",5
"8196",5
"8197",1
"8198",1
"8199",5
"8200",5
"8201",4
"8202",4
"8203",1
"8204",1
"8205",3
"8206",3
"8207",1
"8208",5
"8209",4
"8210",5
"8211",5
"8212",1
"8213",1
"8214",5
"8215",1
"8216",5
"8217",1
"8218",4
"8219",1
"8220",4
"8221",1
"8222",5
"8223",5
"8224",1
"8225",5
"8226",1
"8227",5
"8228",1
"8229",4
"8230",1
"8231",1
"8232",1
"8233",1
"8234",5
"8235",1
"8236",5
"8237",1
"8238",5
"8239",2
"8240",4
"8241",1
"8242",1
"8243",5
"8244",1
"8245",3
"8246",5
"8247",5
"8248",1
"8249",1
"8250",5
"8251",3
"8252",1
"8253",1
"8254",5
"8255",2
"8256",5
"8257",1
"8258",5
"8259",1
"8260",1
"8261",1
"8262",5
"8263",3
"8264",1
"8265",1
"8266",5
"8267",5
"8268",5
"8269",3
"8270",4
"8271",5
"8272",3
"8273",5
"8274",5
"8275",1
"8276",2
"8277",5
"8278",5
"8279",1
"8280",2
"8281",5
"8282",5
"8283",1
"8284",3
"8285",3
"8286",1
"8287",1
"8288",2
"8289",3
"8290",5
"8291",1
"8292",1
"8293",1
"8294",5
"8295",1
"8296",1
"8297",5
"8298",5
"8299",1
"8300",5
"8301",1
"8302",1
"8303",5
"8304",5
"8305",1
"8306",2
"8307",2
"8308",4
"8309",1
"8310",5
"8311",5
"8312",5
"8313",1
"8314",4
"8315",5
"8316",4
"8317",5
"8318",5
"8319",5
"8320",1
"8321",1
"8322",3
"8323",5
"8324",5
"8325",3
"8326",5
"8327",4
"8328",1
"8329",3
"8330",1
"8331",5
"8332",1
"8333",1
"8334",1
"8335",1
"8336",5
"8337",1
"8338",3
"8339",1
"8340",1
"8341",1
"8342",2
"8343",1
"8344",5
"8345",5
"8346",5
"8347",5
"8348",1
"8349",5
"8350",1
"8351",1
"8352",1
"8353",1
"8354",1
"8355",5
"8356",3
"8357",5
"8358",5
"8359",1
"8360",1
"8361",2
"8362",5
"8363",3
"8364",5
"8365",5
"8366",1
"8367",3
"8368",1
"8369",5
"8370",5
"8371",1
"8372",3
"8373",1
"8374",1
"8375",5
"8376",5
"8377",5
"8378",1
"8379",5
"8380",1
"8381",2
"8382",1
"8383",3
"8384",1
"8385",5
"8386",5
"8387",3
"8388",5
"8389",1
"8390",5
"8391",3
"8392",1
"8393",1
"8394",4
"8395",1
"8396",1
"8397",1
"8398",1
"8399",1
"8400",2
"8401",5
"8402",3
"8403",5
"8404",3
"8405",1
"8406",5
"8407",1
"8408",1
"8409",5
"8410",1
"8411",5
"8412",5
"8413",5
"8414",5
"8415",5
"8416",3
"8417",1
"8418",1
"8419",1
"8420",5
"8421",1
"8422",5
"8423",1
"8424",1
"8425",3
"8426",1
"8427",1
"8428",5
"8429",1
"8430",5
"8431",5
"8432",1
"8433",1
"8434",1
"8435",2
"8436",2
"8437",5
"8438",5
"8439",5
"8440",3
"8441",1
"8442",5
"8443",1
"8444",2
"8445",5
"8446",1
"8447",2
"8448",5
"8449",4
"8450",1
"8451",5
"8452",1
"8453",2
"8454",1
"8455",3
"8456",2
"8457",5
"8458",5
"8459",1
"8460",5
"8461",5
"8462",5
"8463",5
"8464",1
"8465",1
"8466",1
"8467",1
"8468",5
"8469",1
"8470",5
"8471",2
"8472",1
"8473",1
"8474",1
"8475",1
"8476",3
"8477",3
"8478",1
"8479",1
"8480",5
"8481",1
"8482",2
"8483",5
"8484",3
"8485",2
"8486",5
"8487",3
"8488",2
"8489",1
"8490",2
"8491",2
"8492",1
"8493",2
"8494",5
"8495",5
"8496",1
"8497",5
"8498",5
"8499",5
"8500",5
"8501",3
"8502",3
"8503",5
"8504",1
"8505",5
"8506",3
"8507",1
"8508",5
"8509",5
"8510",5
"8511",1
"8512",2
"8513",1
"8514",5
"8515",5
"8516",5
"8517",1
"8518",5
"8519",5
"8520",1
"8521",2
"8522",3
"8523",5
"8524",5
"8525",1
"8526",5
"8527",1
"8528",5
"8529",5
"8530",5
"8531",5
"8532",3
"8533",1
"8534",5
"8535",1
"8536",5
"8537",2
"8538",1
"8539",1
"8540",2
"8541",1
"8542",1
"8543",5
"8544",5
"8545",1
"8546",1
"8547",1
"8548",1
"8549",1
"8550",5
"8551",1
"8552",5
"8553",1
"8554",1
"8555",1
"8556",3
"8557",1
"8558",2
"8559",5
"8560",1
"8561",1
"8562",1
"8563",2
"8564",5
"8565",1
"8566",1
"8567",5
"8568",5
"8569",3
"8570",5
"8571",5
"8572",1
"8573",5
"8574",2
"8575",1
"8576",3
"8577",4
"8578",5
"8579",1
"8580",5
"8581",5
"8582",3
"8583",1
"8584",5
"8585",5
"8586",3
"8587",1
"8588",5
"8589",1
"8590",3
"8591",3
"8592",3
"8593",5
"8594",5
"8595",3
"8596",1
"8597",5
"8598",5
"8599",5
"8600",1
"8601",4
"8602",5
"8603",1
"8604",5
"8605",1
"8606",3
"8607",1
"8608",1
"8609",5
"8610",5
"8611",5
"8612",5
"8613",1
"8614",5
"8615",5
"8616",5
"8617",5
"8618",1
"8619",3
"8620",1
"8621",2
"8622",4
"8623",1
"8624",5
"8625",1
"8626",2
"8627",2
"8628",2
"8629",5
"8630",5
"8631",5
"8632",1
"8633",5
"8634",1
"8635",1
"8636",1
"8637",1
"8638",1
"8639",3
"8640",1
"8641",1
"8642",5
"8643",1
"8644",5
"8645",1
"8646",2
"8647",1
"8648",3
"8649",5
"8650",2
"8651",3
"8652",2
"8653",4
"8654",3
"8655",1
"8656",1
"8657",1
"8658",4
"8659",1
"8660",5
"8661",1
"8662",2
"8663",1
"8664",1
"8665",5
"8666",3
"8667",4
"8668",1
"8669",5
"8670",5
"8671",3
"8672",2
"8673",2
"8674",1
"8675",2
"8676",5
"8677",1
"8678",5
"8679",1
"8680",2
"8681",3
"8682",5
"8683",3
"8684",1
"8685",1
"8686",1
"8687",5
"8688",1
"8689",5
"8690",5
"8691",5
"8692",3
"8693",1
"8694",5
"8695",5
"8696",3
"8697",5
"8698",2
"8699",1
"8700",3
"8701",5
"8702",3
"8703",1
"8704",5
"8705",1
"8706",5
"8707",5
"8708",5
"8709",5
"8710",5
"8711",3
"8712",3
"8713",1
"8714",1
"8715",5
"8716",5
"8717",1
"8718",5
"8719",1
"8720",5
"8721",1
"8722",2
"8723",1
"8724",2
"8725",5
"8726",2
"8727",5
"8728",4
"8729",5
"8730",1
"8731",2
"8732",5
"8733",3
"8734",5
"8735",1
"8736",3
"8737",5
"8738",5
"8739",1
"8740",1
"8741",5
"8742",5
"8743",1
"8744",5
"8745",1
"8746",1
"8747",2
"8748",3
"8749",3
"8750",2
"8751",5
"8752",1
"8753",1
"8754",3
"8755",5
"8756",5
"8757",2
"8758",3
"8759",3
"8760",2
"8761",5
"8762",1
"8763",1
"8764",3
"8765",4
"8766",1
"8767",3
"8768",5
"8769",1
"8770",1
"8771",1
"8772",1
"8773",5
"8774",2
"8775",1
"8776",1
"8777",5
"8778",1
"8779",1
"8780",5
"8781",3
"8782",1
"8783",1
"8784",5
"8785",1
"8786",5
"8787",1
"8788",1
"8789",1
"8790",5
"8791",5
"8792",3
"8793",1
"8794",5
"8795",5
"8796",1
"8797",1
"8798",1
"8799",5
"8800",3
"8801",2
"8802",1
"8803",1
"8804",5
"8805",1
"8806",5
"8807",3
"8808",5
"8809",2
"8810",1
"8811",1
"8812",1
"8813",5
"8814",1
"8815",1
"8816",1
"8817",4
"8818",1
"8819",5
"8820",5
"8821",1
"8822",5
"8823",5
"8824",1
"8825",1
"8826",1
"8827",5
"8828",3
"8829",1
"8830",1
"8831",5
"8832",5
"8833",5
"8834",1
"8835",5
"8836",5
"8837",1
"8838",1
"8839",1
"8840",3
"8841",5
"8842",3
"8843",5
"8844",2
"8845",1
"8846",5
"8847",2
"8848",5
"8849",1
"8850",1
"8851",1
"8852",1
"8853",1
"8854",5
"8855",3
"8856",5
"8857",1
"8858",5
"8859",5
"8860",5
"8861",1
"8862",2
"8863",1
"8864",5
"8865",1
"8866",2
"8867",5
"8868",1
"8869",5
"8870",1
"8871",3
"8872",5
"8873",5
"8874",5
"8875",5
"8876",5
"8877",1
"8878",5
"8879",5
"8880",5
"8881",5
"8882",5
"8883",3
"8884",5
"8885",3
"8886",1
"8887",1
"8888",1
"8889",4
"8890",1
"8891",5
"8892",2
"8893",5
"8894",1
"8895",1
"8896",1
"8897",1
"8898",5
"8899",5
"8900",4
"8901",1
"8902",5
"8903",5
"8904",5
"8905",2
"8906",1
"8907",1
"8908",2
"8909",1
"8910",5
"8911",5
"8912",1
"8913",5
"8914",1
"8915",5
"8916",1
"8917",1
"8918",3
"8919",1
"8920",5
"8921",1
"8922",1
"8923",1
"8924",1
"8925",5
"8926",5
"8927",5
"8928",2
"8929",1
"8930",1
"8931",5
"8932",1
"8933",1
"8934",5
"8935",1
"8936",3
"8937",1
"8938",5
"8939",1
"8940",1
"8941",5
"8942",3
"8943",2
"8944",1
"8945",5
"8946",5
"8947",5
"8948",2
"8949",1
"8950",1
"8951",5
"8952",1
"8953",5
"8954",5
"8955",5
"8956",2
"8957",5
"8958",5
"8959",5
"8960",5
"8961",5
"8962",2
"8963",5
"8964",5
"8965",2
"8966",1
"8967",2
"8968",1
"8969",5
"8970",5
"8971",1
"8972",1
"8973",2
"8974",5
"8975",1
"8976",1
"8977",1
"8978",1
"8979",5
"8980",1
"8981",2
"8982",3
"8983",5
"8984",5
"8985",5
"8986",5
"8987",1
"8988",1
"8989",5
"8990",1
"8991",1
"8992",5
"8993",1
"8994",1
"8995",2
"8996",5
"8997",5
"8998",5
"8999",1
"9000",2
"9001",5
"9002",5
"9003",5
"9004",1
"9005",5
"9006",5
"9007",1
"9008",1
"9009",1
"9010",5
"9011",5
"9012",3
"9013",5
"9014",5
"9015",1
"9016",1
"9017",2
"9018",1
"9019",5
"9020",1
"9021",1
"9022",5
"9023",5
"9024",1
"9025",1
"9026",2
"9027",1
"9028",5
"9029",2
"9030",2
"9031",5
"9032",5
"9033",2
"9034",2
"9035",5
"9036",2
"9037",5
"9038",1
"9039",5
"9040",1
"9041",5
"9042",1
"9043",5
"9044",4
"9045",1
"9046",5
"9047",5
"9048",1
"9049",3
"9050",1
"9051",5
"9052",2
"9053",5
"9054",5
"9055",5
"9056",5
"9057",1
"9058",5
"9059",5
"9060",5
"9061",1
"9062",5
"9063",5
"9064",1
"9065",3
"9066",1
"9067",2
"9068",1
"9069",2
"9070",5
"9071",3
"9072",1
"9073",1
"9074",5
"9075",5
"9076",5
"9077",5
"9078",1
"9079",5
"9080",1
"9081",5
"9082",5
"9083",1
"9084",5
"9085",3
"9086",3
"9087",3
"9088",5
"9089",5
"9090",1
"9091",3
"9092",1
"9093",5
"9094",1
"9095",3
"9096",1
"9097",1
"9098",1
"9099",5
"9100",1
"9101",1
"9102",5
"9103",3
"9104",1
"9105",1
"9106",3
"9107",2
"9108",5
"9109",4
"9110",1
"9111",1
"9112",1
"9113",5
"9114",2
"9115",2
"9116",5
"9117",3
"9118",1
"9119",1
"9120",3
"9121",5
"9122",5
"9123",3
"9124",2
"9125",5
"9126",5
"9127",2
"9128",1
"9129",1
"9130",1
"9131",1
"9132",1
"9133",5
"9134",2
"9135",5
"9136",2
"9137",3
"9138",5
"9139",5
"9140",3
"9141",1
"9142",2
"9143",1
"9144",5
"9145",1
"9146",5
"9147",5
"9148",1
"9149",2
"9150",1
"9151",1
"9152",5
"9153",1
"9154",5
"9155",2
"9156",5
"9157",2
"9158",1
"9159",1
"9160",5
"9161",5
"9162",2
"9163",5
"9164",4
"9165",1
"9166",1
"9167",5
"9168",1
"9169",5
"9170",5
"9171",5
"9172",1
"9173",5
"9174",1
"9175",3
"9176",2
"9177",5
"9178",1
"9179",5
"9180",5
"9181",5
"9182",1
"9183",3
"9184",5
"9185",3
"9186",1
"9187",3
"9188",1
"9189",5
"9190",1
"9191",5
"9192",4
"9193",5
"9194",1
"9195",5
"9196",3
"9197",2
"9198",5
"9199",2
"9200",2
"9201",4
"9202",1
"9203",4
"9204",5
"9205",3
"9206",5
"9207",2
"9208",5
"9209",5
"9210",5
"9211",3
"9212",1
"9213",5
"9214",5
"9215",5
"9216",5
"9217",1
"9218",1
"9219",1
"9220",1
"9221",3
"9222",2
"9223",3
"9224",3
"9225",5
"9226",5
"9227",3
"9228",3
"9229",1
"9230",5
"9231",3
"9232",5
"9233",5
"9234",5
"9235",1
"9236",2
"9237",2
"9238",1
"9239",5
"9240",1
"9241",5
"9242",5
"9243",1
"9244",5
"9245",1
"9246",2
"9247",1
"9248",1
"9249",1
"9250",5
"9251",5
"9252",5
"9253",3
"9254",2
"9255",5
"9256",5
"9257",1
"9258",1
"9259",1
"9260",2
"9261",5
"9262",2
"9263",5
"9264",3
"9265",5
"9266",5
"9267",5
"9268",1
"9269",3
"9270",1
"9271",2
"9272",5
"9273",5
"9274",1
"9275",5
"9276",4
"9277",5
"9278",1
"9279",1
"9280",3
"9281",2
"9282",1
"9283",5
"9284",5
"9285",1
"9286",2
"9287",5
"9288",1
"9289",1
"9290",5
"9291",2
"9292",2
"9293",1
"9294",1
"9295",3
"9296",4
"9297",1
"9298",5
"9299",3
"9300",5
"9301",3
"9302",1
"9303",5
"9304",5
"9305",5
"9306",5
"9307",5
"9308",1
"9309",5
"9310",1
"9311",2
"9312",2
"9313",3
"9314",3
"9315",5
"9316",1
"9317",5
"9318",5
"9319",5
"9320",1
"9321",1
"9322",1
"9323",3
"9324",5
"9325",1
"9326",1
"9327",1
"9328",5
"9329",1
"9330",1
"9331",1
"9332",1
"9333",5
"9334",5
"9335",3
"9336",1
"9337",5
"9338",5
"9339",1
"9340",5
"9341",1
"9342",4
"9343",4
"9344",5
"9345",3
"9346",1
"9347",1
"9348",3
"9349",5
"9350",1
"9351",1
"9352",5
"9353",3
"9354",1
"9355",5
"9356",3
"9357",1
"9358",5
"9359",5
"9360",5
"9361",5
"9362",5
"9363",2
"9364",5
"9365",1
"9366",2
"9367",3
"9368",1
"9369",2
"9370",4
"9371",3
"9372",5
"9373",2
"9374",5
"9375",5
"9376",5
"9377",2
"9378",3
"9379",1
"9380",5
"9381",2
"9382",5
"9383",5
"9384",1
"9385",5
"9386",2
"9387",2
"9388",5
"9389",3
"9390",4
"9391",3
"9392",1
"9393",1
"9394",5
"9395",5
"9396",1
"9397",5
"9398",4
"9399",1
"9400",1
"9401",1
"9402",5
"9403",5
"9404",5
"9405",2
"9406",5
"9407",5
"9408",1
"9409",5
"9410",1
"9411",2
"9412",1
"9413",3
"9414",2
"9415",1
"9416",1
"9417",5
"9418",5
"9419",5
"9420",5
"9421",1
"9422",3
"9423",5
"9424",1
"9425",1
"9426",1
"9427",5
"9428",1
"9429",1
"9430",5
"9431",1
"9432",1
"9433",1
"9434",5
"9435",1
"9436",1
"9437",5
"9438",3
"9439",5
"9440",5
"9441",1
"9442",4
"9443",3
"9444",5
"9445",5
"9446",2
"9447",5
"9448",1
"9449",4
"9450",4
"9451",5
"9452",1
"9453",1
"9454",5
"9455",1
"9456",5
"9457",2
"9458",3
"9459",2
"9460",2
"9461",5
"9462",1
"9463",1
"9464",1
"9465",4
"9466",5
"9467",3
"9468",1
"9469",2
"9470",2
"9471",3
"9472",1
"9473",5
"9474",1
"9475",1
"9476",5
"9477",3
"9478",5
"9479",1
"9480",1
"9481",1
"9482",5
"9483",5
"9484",5
"9485",5
"9486",1
"9487",1
"9488",1
"9489",3
"9490",2
"9491",3
"9492",1
"9493",1
"9494",5
"9495",1
"9496",5
"9497",5
"9498",5
"9499",1
"9500",1
"9501",5
"9502",4
"9503",2
"9504",1
"9505",5
"9506",1
"9507",1
"9508",5
"9509",4
"9510",2
"9511",4
"9512",2
"9513",1
"9514",4
"9515",5
"9516",3
"9517",1
"9518",1
"9519",1
"9520",5
"9521",5
"9522",1
"9523",1
"9524",3
"9525",1
"9526",3
"9527",1
"9528",1
"9529",1
"9530",1
"9531",3
"9532",5
"9533",5
"9534",4
"9535",1
"9536",5
"9537",5
"9538",3
"9539",1
"9540",1
"9541",1
"9542",5
"9543",5
"9544",5
"9545",5
"9546",3
"9547",1
"9548",5
"9549",1
"9550",1
"9551",1
"9552",1
"9553",5
"9554",2
