"","x"
"1",0.0291696121012084
"2",0.0880821658012916
"3",1
"4",12
"5",5
"6",13
"7",10
"8",15
"9",15
"10",5
"11",5
"12",7
"13",10
"14",14
"15",14
"16",5
"17",6
"18",14
"19",10
"20",15
"21",5
"22",12
"23",7
"24",4
"25",14
"26",14
"27",7
"28",14
"29",5
"30",15
"31",12
"32",13
"33",10
"34",13
"35",10
"36",5
"37",12
"38",6
"39",10
"40",13
"41",15
"42",4
"43",5
"44",2
"45",14
"46",5
"47",14
"48",5
"49",15
"50",13
"51",7
"52",15
"53",15
"54",8
"55",4
"56",9
"57",14
"58",14
"59",10
"60",12
"61",8
"62",10
"63",4
"64",4
"65",9
"66",14
"67",3
"68",9
"69",9
"70",5
"71",4
"72",10
"73",13
"74",9
"75",12
"76",5
"77",10
"78",13
"79",2
"80",12
"81",6
"82",13
"83",6
"84",10
"85",7
"86",9
"87",9
"88",10
"89",13
"90",4
"91",15
"92",14
"93",4
"94",4
"95",9
"96",3
"97",14
"98",9
"99",9
"100",14
"101",15
"102",6
"103",13
"104",9
"105",13
"106",7
"107",10
"108",7
"109",7
"110",9
"111",13
"112",14
"113",12
"114",9
"115",10
"116",10
"117",7
"118",7
"119",4
"120",13
"121",4
"122",16
"123",5
"124",12
"125",13
"126",14
"127",9
"128",6
"129",14
"130",15
"131",13
"132",10
"133",13
"134",1
"135",15
"136",4
"137",13
"138",4
"139",13
"140",13
"141",12
"142",14
"143",13
"144",12
"145",7
"146",10
"147",3
"148",15
"149",9
"150",9
"151",9
"152",5
"153",4
"154",9
"155",7
"156",5
"157",4
"158",5
"159",14
"160",12
"161",9
"162",13
"163",3
"164",8
"165",4
"166",10
"167",15
"168",4
"169",11
"170",14
"171",12
"172",12
"173",9
"174",14
"175",4
"176",11
"177",5
"178",4
"179",4
"180",5
"181",5
"182",6
"183",4
"184",14
"185",4
"186",10
"187",15
"188",6
"189",15
"190",10
"191",5
"192",13
"193",9
"194",14
"195",3
"196",4
"197",15
"198",15
"199",12
"200",12
"201",11
"202",4
"203",14
"204",7
"205",12
"206",14
"207",4
"208",7
"209",9
"210",7
"211",5
"212",15
"213",14
"214",4
"215",10
"216",12
"217",7
"218",10
"219",15
"220",14
"221",12
"222",9
"223",14
"224",11
"225",7
"226",3
"227",3
"228",9
"229",12
"230",9
"231",13
"232",7
"233",10
"234",13
"235",1
"236",5
"237",9
"238",9
"239",9
"240",10
"241",7
"242",12
"243",12
"244",5
"245",13
"246",14
"247",9
"248",14
"249",9
"250",6
"251",6
"252",4
"253",15
"254",10
"255",5
"256",14
"257",8
"258",8
"259",14
"260",6
"261",5
"262",8
"263",6
"264",4
"265",6
"266",14
"267",15
"268",4
"269",4
"270",7
"271",14
"272",15
"273",13
"274",15
"275",4
"276",13
"277",5
"278",9
"279",9
"280",14
"281",5
"282",5
"283",12
"284",5
"285",9
"286",14
"287",13
"288",14
"289",5
"290",10
"291",11
"292",5
"293",13
"294",14
"295",6
"296",3
"297",4
"298",13
"299",5
"300",5
"301",10
"302",5
"303",2
"304",4
"305",12
"306",12
"307",14
"308",15
"309",5
"310",14
"311",14
"312",5
"313",10
"314",2
"315",3
"316",4
"317",13
"318",14
"319",5
"320",15
"321",9
"322",14
"323",14
"324",5
"325",14
"326",14
"327",9
"328",11
"329",12
"330",4
"331",15
"332",12
"333",4
"334",14
"335",13
"336",9
"337",9
"338",9
"339",11
"340",10
"341",3
"342",15
"343",12
"344",7
"345",14
"346",5
"347",4
"348",3
"349",4
"350",14
"351",12
"352",12
"353",12
"354",4
"355",15
"356",12
"357",14
"358",10
"359",5
"360",7
"361",13
"362",11
"363",14
"364",4
"365",4
"366",6
"367",11
"368",4
"369",5
"370",9
"371",14
"372",4
"373",9
"374",5
"375",10
"376",15
"377",5
"378",14
"379",5
"380",14
"381",15
"382",4
"383",5
"384",14
"385",5
"386",5
"387",14
"388",4
"389",9
"390",4
"391",5
"392",5
"393",14
"394",3
"395",12
"396",10
"397",6
"398",5
"399",13
"400",5
"401",4
"402",7
"403",13
"404",13
"405",9
"406",4
"407",5
"408",5
"409",11
"410",2
"411",2
"412",4
"413",14
"414",4
"415",9
"416",4
"417",4
"418",5
"419",2
"420",15
"421",13
"422",13
"423",13
"424",14
"425",12
"426",14
"427",9
"428",10
"429",14
"430",12
"431",12
"432",3
"433",14
"434",10
"435",11
"436",10
"437",7
"438",9
"439",4
"440",15
"441",14
"442",1
"443",9
"444",14
"445",4
"446",5
"447",4
"448",4
"449",14
"450",4
"451",7
"452",2
"453",4
"454",15
"455",12
"456",11
"457",13
"458",14
"459",6
"460",10
"461",12
"462",5
"463",3
"464",5
"465",4
"466",13
"467",14
"468",2
"469",5
"470",4
"471",2
"472",9
"473",5
"474",10
"475",4
"476",12
"477",12
"478",6
"479",7
"480",9
"481",11
"482",6
"483",4
"484",7
"485",12
"486",13
"487",9
"488",4
"489",13
"490",14
"491",9
"492",4
"493",13
"494",13
"495",4
"496",6
"497",4
"498",12
"499",13
"500",4
"501",9
"502",9
"503",5
"504",15
"505",9
"506",12
"507",13
"508",7
"509",14
"510",3
"511",14
"512",4
"513",4
"514",9
"515",9
"516",10
"517",5
"518",9
"519",5
"520",9
"521",5
"522",13
"523",12
"524",13
"525",9
"526",13
"527",13
"528",14
"529",4
"530",7
"531",9
"532",9
"533",14
"534",9
"535",4
"536",1
"537",14
"538",6
"539",14
"540",14
"541",8
"542",2
"543",10
"544",14
"545",11
"546",14
"547",2
"548",7
"549",5
"550",15
"551",9
"552",14
"553",9
"554",12
"555",13
"556",13
"557",14
"558",10
"559",15
"560",4
"561",11
"562",11
"563",1
"564",5
"565",4
"566",12
"567",4
"568",4
"569",1
"570",12
"571",15
"572",9
"573",14
"574",4
"575",14
"576",14
"577",13
"578",9
"579",15
"580",13
"581",4
"582",4
"583",6
"584",3
"585",14
"586",12
"587",4
"588",15
"589",12
"590",7
"591",4
"592",7
"593",15
"594",7
"595",4
"596",14
"597",10
"598",5
"599",10
"600",12
"601",2
"602",7
"603",6
"604",5
"605",4
"606",6
"607",7
"608",5
"609",13
"610",4
"611",5
"612",6
"613",1
"614",9
"615",10
"616",15
"617",14
"618",14
"619",9
"620",12
"621",14
"622",8
"623",12
"624",14
"625",14
"626",7
"627",12
"628",9
"629",12
"630",6
"631",12
"632",13
"633",13
"634",10
"635",13
"636",5
"637",14
"638",12
"639",4
"640",14
"641",14
"642",15
"643",5
"644",13
"645",9
"646",5
"647",14
"648",13
"649",6
"650",6
"651",9
"652",3
"653",15
"654",4
"655",14
"656",15
"657",4
"658",15
"659",14
"660",7
"661",10
"662",9
"663",13
"664",14
"665",9
"666",14
"667",14
"668",6
"669",5
"670",12
"671",5
"672",10
"673",13
"674",14
"675",4
"676",4
"677",4
"678",7
"679",4
"680",5
"681",8
"682",10
"683",12
"684",4
"685",4
"686",14
"687",12
"688",14
"689",10
"690",10
"691",7
"692",14
"693",2
"694",3
"695",12
"696",5
"697",5
"698",4
"699",9
"700",4
"701",13
"702",12
"703",13
"704",4
"705",4
"706",9
"707",12
"708",12
"709",13
"710",10
"711",1
"712",9
"713",12
"714",15
"715",14
"716",10
"717",4
"718",6
"719",13
"720",4
"721",15
"722",9
"723",9
"724",13
"725",13
"726",6
"727",10
"728",9
"729",9
"730",10
"731",12
"732",11
"733",7
"734",12
"735",12
"736",7
"737",14
"738",4
"739",4
"740",12
"741",11
"742",13
"743",14
"744",4
"745",9
"746",11
"747",7
"748",5
"749",4
"750",13
"751",10
"752",14
"753",9
"754",3
"755",4
"756",11
"757",3
"758",9
"759",12
"760",4
"761",12
"762",14
"763",4
"764",6
"765",4
"766",13
"767",13
"768",11
"769",14
"770",15
"771",13
"772",14
"773",2
"774",10
"775",12
"776",14
"777",14
"778",8
"779",15
"780",7
"781",13
"782",13
"783",3
"784",12
"785",5
"786",14
"787",11
"788",9
"789",5
"790",15
"791",12
"792",14
"793",9
"794",2
"795",9
"796",12
"797",6
"798",13
"799",4
"800",5
"801",13
"802",4
"803",7
"804",5
"805",12
"806",6
"807",5
"808",9
"809",10
"810",1
"811",12
"812",12
"813",1
"814",5
"815",4
"816",9
"817",14
"818",12
"819",14
"820",6
"821",4
"822",13
"823",1
"824",9
"825",14
"826",4
"827",12
"828",1
"829",12
"830",8
"831",4
"832",4
"833",12
"834",6
"835",14
"836",3
"837",9
"838",5
"839",14
"840",5
"841",7
"842",4
"843",10
"844",14
"845",15
"846",4
"847",13
"848",12
"849",6
"850",1
"851",12
"852",14
"853",2
"854",4
"855",10
"856",3
"857",6
"858",2
"859",12
"860",3
"861",14
"862",14
"863",12
"864",5
"865",9
"866",12
"867",1
"868",7
"869",14
"870",4
"871",13
"872",9
"873",14
"874",15
"875",4
"876",10
"877",7
"878",5
"879",7
"880",12
"881",15
"882",12
"883",7
"884",12
"885",8
"886",11
"887",9
"888",13
"889",14
"890",5
"891",2
"892",15
"893",15
"894",8
"895",4
"896",6
"897",9
"898",8
"899",4
"900",14
"901",14
"902",7
"903",12
"904",9
"905",6
"906",6
"907",9
"908",5
"909",15
"910",14
"911",13
"912",7
"913",7
"914",13
"915",14
"916",16
"917",10
"918",12
"919",13
"920",4
"921",13
"922",5
"923",9
"924",10
"925",6
"926",5
"927",4
"928",12
"929",2
"930",10
"931",13
"932",14
"933",15
"934",5
"935",5
"936",7
"937",12
"938",11
"939",5
"940",4
"941",8
"942",15
"943",5
"944",12
"945",13
"946",12
"947",15
"948",1
"949",13
"950",4
"951",5
"952",2
"953",15
"954",1
"955",13
"956",1
"957",1
"958",5
"959",7
"960",13
"961",7
"962",2
"963",3
"964",3
"965",2
"966",11
"967",7
"968",13
"969",4
"970",6
"971",9
"972",12
"973",11
"974",5
"975",6
"976",15
"977",5
"978",12
"979",10
"980",15
"981",15
"982",7
"983",10
"984",2
"985",10
"986",9
"987",9
"988",7
"989",10
"990",6
"991",6
"992",1
"993",9
"994",14
"995",7
"996",7
"997",14
"998",13
"999",7
"1000",9
"1001",3
"1002",10
"1003",9
"1004",5
"1005",14
"1006",4
"1007",4
"1008",8
"1009",6
"1010",4
"1011",10
"1012",7
"1013",15
"1014",14
"1015",12
"1016",12
"1017",5
"1018",4
"1019",12
"1020",13
"1021",14
"1022",13
"1023",6
"1024",5
"1025",10
"1026",5
"1027",13
"1028",13
"1029",4
"1030",5
"1031",14
"1032",5
"1033",13
"1034",14
"1035",5
"1036",4
"1037",12
"1038",5
"1039",14
"1040",12
"1041",14
"1042",14
"1043",7
"1044",10
"1045",11
"1046",4
"1047",10
"1048",11
"1049",10
"1050",10
"1051",7
"1052",10
"1053",5
"1054",7
"1055",10
"1056",4
"1057",14
"1058",12
"1059",11
"1060",14
"1061",14
"1062",15
"1063",5
"1064",9
"1065",9
"1066",14
"1067",4
"1068",5
"1069",13
"1070",10
"1071",12
"1072",10
"1073",4
"1074",14
"1075",6
"1076",5
"1077",13
"1078",5
"1079",1
"1080",7
"1081",12
"1082",13
"1083",14
"1084",12
"1085",12
"1086",12
"1087",13
"1088",5
"1089",12
"1090",7
"1091",4
"1092",6
"1093",10
"1094",12
"1095",9
"1096",15
"1097",9
"1098",15
"1099",9
"1100",9
"1101",12
"1102",14
"1103",10
"1104",12
"1105",15
"1106",14
"1107",15
"1108",4
"1109",10
"1110",13
"1111",10
"1112",12
"1113",8
"1114",4
"1115",5
"1116",1
"1117",13
"1118",6
"1119",4
"1120",15
"1121",10
"1122",13
"1123",12
"1124",4
"1125",15
"1126",14
"1127",14
"1128",12
"1129",5
"1130",14
"1131",14
"1132",11
"1133",3
"1134",5
"1135",12
"1136",11
"1137",4
"1138",4
"1139",12
"1140",6
"1141",14
"1142",11
"1143",4
"1144",11
"1145",14
"1146",5
"1147",4
"1148",14
"1149",3
"1150",13
"1151",3
"1152",9
"1153",9
"1154",7
"1155",14
"1156",14
"1157",12
"1158",4
"1159",5
"1160",2
"1161",14
"1162",14
"1163",11
"1164",9
"1165",14
"1166",9
"1167",5
"1168",14
"1169",10
"1170",15
"1171",2
"1172",13
"1173",4
"1174",4
"1175",5
"1176",12
"1177",5
"1178",9
"1179",4
"1180",15
"1181",10
"1182",13
"1183",4
"1184",4
"1185",12
"1186",12
"1187",6
"1188",14
"1189",9
"1190",13
"1191",15
"1192",1
"1193",9
"1194",14
"1195",9
"1196",2
"1197",5
"1198",4
"1199",6
"1200",15
"1201",6
"1202",9
"1203",14
"1204",12
"1205",4
"1206",14
"1207",10
"1208",9
"1209",7
"1210",5
"1211",5
"1212",12
"1213",12
"1214",4
"1215",12
"1216",6
"1217",14
"1218",4
"1219",5
"1220",9
"1221",5
"1222",9
"1223",5
"1224",14
"1225",13
"1226",6
"1227",9
"1228",5
"1229",9
"1230",14
"1231",7
"1232",5
"1233",9
"1234",12
"1235",4
"1236",7
"1237",4
"1238",7
"1239",12
"1240",10
"1241",3
"1242",7
"1243",5
"1244",14
"1245",9
"1246",5
"1247",14
"1248",9
"1249",5
"1250",9
"1251",12
"1252",5
"1253",5
"1254",5
"1255",5
"1256",12
"1257",3
"1258",12
"1259",6
"1260",1
"1261",13
"1262",6
"1263",10
"1264",4
"1265",12
"1266",14
"1267",10
"1268",12
"1269",4
"1270",5
"1271",6
"1272",13
"1273",10
"1274",4
"1275",2
"1276",14
"1277",14
"1278",6
"1279",4
"1280",6
"1281",5
"1282",9
"1283",13
"1284",5
"1285",5
"1286",13
"1287",6
"1288",7
"1289",3
"1290",6
"1291",7
"1292",5
"1293",14
"1294",2
"1295",7
"1296",13
"1297",14
"1298",9
"1299",6
"1300",14
"1301",8
"1302",14
"1303",1
"1304",3
"1305",6
"1306",5
"1307",13
"1308",4
"1309",12
"1310",5
"1311",5
"1312",10
"1313",10
"1314",6
"1315",4
"1316",3
"1317",10
"1318",12
"1319",4
"1320",12
"1321",15
"1322",14
"1323",3
"1324",12
"1325",10
"1326",14
"1327",14
"1328",4
"1329",5
"1330",14
"1331",4
"1332",7
"1333",12
"1334",13
"1335",12
"1336",13
"1337",13
"1338",9
"1339",9
"1340",10
"1341",12
"1342",9
"1343",9
"1344",10
"1345",9
"1346",7
"1347",15
"1348",6
"1349",9
"1350",5
"1351",14
"1352",7
"1353",7
"1354",4
"1355",13
"1356",10
"1357",10
"1358",10
"1359",14
"1360",4
"1361",12
"1362",10
"1363",10
"1364",15
"1365",4
"1366",4
"1367",4
"1368",15
"1369",12
"1370",12
"1371",12
"1372",13
"1373",13
"1374",14
"1375",9
"1376",13
"1377",14
"1378",12
"1379",12
"1380",4
"1381",5
"1382",11
"1383",9
"1384",13
"1385",9
"1386",4
"1387",15
"1388",7
"1389",14
"1390",12
"1391",13
"1392",15
"1393",7
"1394",13
"1395",5
"1396",5
"1397",7
"1398",15
"1399",15
"1400",4
"1401",12
"1402",7
"1403",7
"1404",8
"1405",14
"1406",13
"1407",4
"1408",14
"1409",14
"1410",13
"1411",3
"1412",13
"1413",4
"1414",4
"1415",14
"1416",10
"1417",4
"1418",5
"1419",4
"1420",5
"1421",5
"1422",6
"1423",13
"1424",12
"1425",13
"1426",14
"1427",8
"1428",12
"1429",14
"1430",14
"1431",7
"1432",13
"1433",4
"1434",4
"1435",12
"1436",13
"1437",12
"1438",5
"1439",5
"1440",7
"1441",9
"1442",10
"1443",9
"1444",1
"1445",15
"1446",15
"1447",6
"1448",5
"1449",5
"1450",7
"1451",14
"1452",9
"1453",4
"1454",9
"1455",5
"1456",6
"1457",14
"1458",13
"1459",4
"1460",6
"1461",12
"1462",4
"1463",5
"1464",14
"1465",11
"1466",13
"1467",5
"1468",14
"1469",10
"1470",15
"1471",4
"1472",14
"1473",12
"1474",12
"1475",5
"1476",10
"1477",4
"1478",4
"1479",9
"1480",7
"1481",9
"1482",2
"1483",15
"1484",11
"1485",9
"1486",14
"1487",13
"1488",6
"1489",7
"1490",7
"1491",13
"1492",5
"1493",3
"1494",7
"1495",4
"1496",10
"1497",9
"1498",7
"1499",14
"1500",12
"1501",12
"1502",13
"1503",10
"1504",14
"1505",14
"1506",3
"1507",5
"1508",9
"1509",12
"1510",4
"1511",9
"1512",5
"1513",4
"1514",10
"1515",12
"1516",9
"1517",9
"1518",11
"1519",14
"1520",12
"1521",5
"1522",7
"1523",3
"1524",13
"1525",12
"1526",12
"1527",15
"1528",14
"1529",9
"1530",14
"1531",14
"1532",5
"1533",6
"1534",5
"1535",14
"1536",8
"1537",14
"1538",7
"1539",5
"1540",4
"1541",4
"1542",7
"1543",15
"1544",13
"1545",15
"1546",3
"1547",12
"1548",13
"1549",12
"1550",4
"1551",14
"1552",5
"1553",14
"1554",14
"1555",8
"1556",8
"1557",12
"1558",14
"1559",3
"1560",5
"1561",4
"1562",4
"1563",1
"1564",5
"1565",5
"1566",4
"1567",5
"1568",3
"1569",12
"1570",11
"1571",8
"1572",5
"1573",7
"1574",1
"1575",10
"1576",14
"1577",4
"1578",15
"1579",5
"1580",5
"1581",13
"1582",7
"1583",4
"1584",6
"1585",13
"1586",5
"1587",5
"1588",5
"1589",8
"1590",2
"1591",5
"1592",6
"1593",4
"1594",15
"1595",5
"1596",12
"1597",15
"1598",12
"1599",12
"1600",3
"1601",1
"1602",14
"1603",13
"1604",5
"1605",7
"1606",5
"1607",2
"1608",4
"1609",12
"1610",14
"1611",14
"1612",12
"1613",10
"1614",12
"1615",13
"1616",5
"1617",14
"1618",14
"1619",11
"1620",13
"1621",9
"1622",12
"1623",4
"1624",4
"1625",5
"1626",9
"1627",12
"1628",14
"1629",5
"1630",15
"1631",6
"1632",13
"1633",14
"1634",12
"1635",14
"1636",9
"1637",3
"1638",4
"1639",3
"1640",14
"1641",6
"1642",4
"1643",10
"1644",14
"1645",9
"1646",5
"1647",11
"1648",9
"1649",4
"1650",9
"1651",4
"1652",9
"1653",10
"1654",4
"1655",5
"1656",14
"1657",14
"1658",5
"1659",10
"1660",10
"1661",15
"1662",13
"1663",7
"1664",14
"1665",5
"1666",5
"1667",1
"1668",15
"1669",4
"1670",12
"1671",9
"1672",13
"1673",6
"1674",14
"1675",10
"1676",4
"1677",12
"1678",14
"1679",14
"1680",4
"1681",3
"1682",10
"1683",9
"1684",4
"1685",4
"1686",10
"1687",14
"1688",9
"1689",4
"1690",2
"1691",12
"1692",2
"1693",5
"1694",10
"1695",2
"1696",12
"1697",15
"1698",4
"1699",9
"1700",13
"1701",3
"1702",3
"1703",15
"1704",6
"1705",7
"1706",12
"1707",5
"1708",13
"1709",14
"1710",4
"1711",13
"1712",6
"1713",12
"1714",9
"1715",12
"1716",14
"1717",13
"1718",12
"1719",3
"1720",12
"1721",12
"1722",4
"1723",4
"1724",10
"1725",5
"1726",4
"1727",15
"1728",4
"1729",14
"1730",5
"1731",12
"1732",4
"1733",4
"1734",12
"1735",3
"1736",6
"1737",13
"1738",6
"1739",10
"1740",14
"1741",2
"1742",5
"1743",4
"1744",4
"1745",12
"1746",12
"1747",13
"1748",15
"1749",4
"1750",13
"1751",5
"1752",14
"1753",9
"1754",4
"1755",2
"1756",6
"1757",12
"1758",10
"1759",4
"1760",12
"1761",8
"1762",5
"1763",11
"1764",2
"1765",13
"1766",10
"1767",14
"1768",5
"1769",12
"1770",11
"1771",6
"1772",4
"1773",12
"1774",13
"1775",4
"1776",7
"1777",15
"1778",5
"1779",9
"1780",5
"1781",14
"1782",10
"1783",4
"1784",3
"1785",14
"1786",4
"1787",11
"1788",12
"1789",6
"1790",10
"1791",12
"1792",5
"1793",4
"1794",3
"1795",5
"1796",15
"1797",13
"1798",14
"1799",4
"1800",14
"1801",13
"1802",8
"1803",7
"1804",13
"1805",5
"1806",4
"1807",4
"1808",15
"1809",10
"1810",5
"1811",15
"1812",10
"1813",6
"1814",13
"1815",6
"1816",14
"1817",6
"1818",14
"1819",5
"1820",7
"1821",3
"1822",14
"1823",7
"1824",12
"1825",10
"1826",4
"1827",6
"1828",4
"1829",4
"1830",10
"1831",7
"1832",14
"1833",14
"1834",14
"1835",15
"1836",12
"1837",15
"1838",9
"1839",13
"1840",9
"1841",14
"1842",5
"1843",5
"1844",5
"1845",13
"1846",13
"1847",3
"1848",15
"1849",12
"1850",9
"1851",13
"1852",9
"1853",10
"1854",9
"1855",6
"1856",3
"1857",14
"1858",4
"1859",15
"1860",12
"1861",10
"1862",12
"1863",13
"1864",15
"1865",6
"1866",9
"1867",9
"1868",3
"1869",4
"1870",12
"1871",14
"1872",14
"1873",5
"1874",9
"1875",14
"1876",9
"1877",5
"1878",6
"1879",4
"1880",2
"1881",6
"1882",4
"1883",14
"1884",10
"1885",11
"1886",4
"1887",9
"1888",14
"1889",14
"1890",13
"1891",5
"1892",13
"1893",14
"1894",5
"1895",4
"1896",10
"1897",12
"1898",4
"1899",14
"1900",9
"1901",12
"1902",12
"1903",4
"1904",5
"1905",4
"1906",12
"1907",6
"1908",14
"1909",2
"1910",12
"1911",10
"1912",14
"1913",12
"1914",14
"1915",13
"1916",10
"1917",10
"1918",7
"1919",10
"1920",13
"1921",8
"1922",13
"1923",14
"1924",6
"1925",4
"1926",14
"1927",2
"1928",4
"1929",12
"1930",15
"1931",15
"1932",13
"1933",9
"1934",10
"1935",6
"1936",5
"1937",10
"1938",3
"1939",13
"1940",4
"1941",5
"1942",12
"1943",9
"1944",10
"1945",12
"1946",10
"1947",12
"1948",7
"1949",5
"1950",13
"1951",12
"1952",5
"1953",14
"1954",1
"1955",15
"1956",13
"1957",13
"1958",13
"1959",14
"1960",3
"1961",7
"1962",10
"1963",9
"1964",12
"1965",4
"1966",5
"1967",10
"1968",6
"1969",4
"1970",5
"1971",14
"1972",4
"1973",12
"1974",10
"1975",7
"1976",6
"1977",9
"1978",4
"1979",9
"1980",10
"1981",3
"1982",15
"1983",5
"1984",10
"1985",13
"1986",10
"1987",5
"1988",9
"1989",6
"1990",5
"1991",7
"1992",14
"1993",14
"1994",10
"1995",6
"1996",12
"1997",12
"1998",6
"1999",15
"2000",4
"2001",9
"2002",13
"2003",1
"2004",4
"2005",13
"2006",10
"2007",13
"2008",12
"2009",1
"2010",15
"2011",1
"2012",4
"2013",12
"2014",12
"2015",14
"2016",7
"2017",1
"2018",14
"2019",11
"2020",13
"2021",15
"2022",6
"2023",5
"2024",14
"2025",6
"2026",14
"2027",4
"2028",4
"2029",14
"2030",9
"2031",13
"2032",14
"2033",2
"2034",10
"2035",12
"2036",4
"2037",5
"2038",3
"2039",12
"2040",12
"2041",12
"2042",9
"2043",14
"2044",6
"2045",14
"2046",13
"2047",3
"2048",13
"2049",7
"2050",4
"2051",3
"2052",14
"2053",12
"2054",7
"2055",12
"2056",1
"2057",14
"2058",13
"2059",4
"2060",4
"2061",4
"2062",5
"2063",14
"2064",3
"2065",13
"2066",8
"2067",7
"2068",6
"2069",8
"2070",13
"2071",9
"2072",12
"2073",9
"2074",5
"2075",2
"2076",14
"2077",4
"2078",4
"2079",5
"2080",15
"2081",9
"2082",4
"2083",13
"2084",6
"2085",13
"2086",4
"2087",15
"2088",4
"2089",7
"2090",13
"2091",5
"2092",7
"2093",4
"2094",3
"2095",8
"2096",4
"2097",4
"2098",10
"2099",13
"2100",14
"2101",14
"2102",9
"2103",14
"2104",14
"2105",6
"2106",4
"2107",5
"2108",6
"2109",4
"2110",7
"2111",9
"2112",13
"2113",10
"2114",4
"2115",5
"2116",15
"2117",10
"2118",6
"2119",4
"2120",12
"2121",5
"2122",5
"2123",7
"2124",7
"2125",12
"2126",15
"2127",13
"2128",15
"2129",9
"2130",14
"2131",9
"2132",5
"2133",9
"2134",14
"2135",5
"2136",14
"2137",5
"2138",15
"2139",9
"2140",14
"2141",5
"2142",8
"2143",10
"2144",14
"2145",6
"2146",13
"2147",10
"2148",9
"2149",9
"2150",5
"2151",10
"2152",5
"2153",13
"2154",9
"2155",14
"2156",9
"2157",2
"2158",9
"2159",6
"2160",14
"2161",12
"2162",5
"2163",12
"2164",2
"2165",10
"2166",5
"2167",4
"2168",10
"2169",13
"2170",2
"2171",4
"2172",4
"2173",9
"2174",10
"2175",4
"2176",1
"2177",12
"2178",3
"2179",6
"2180",10
"2181",13
"2182",5
"2183",11
"2184",14
"2185",13
"2186",4
"2187",6
"2188",4
"2189",14
"2190",7
"2191",9
"2192",14
"2193",5
"2194",4
"2195",6
"2196",12
"2197",12
"2198",2
"2199",15
"2200",9
"2201",15
"2202",14
"2203",6
"2204",7
"2205",3
"2206",12
"2207",5
"2208",12
"2209",12
"2210",5
"2211",11
"2212",6
"2213",9
"2214",10
"2215",5
"2216",2
"2217",15
"2218",13
"2219",10
"2220",14
"2221",10
"2222",10
"2223",9
"2224",15
"2225",7
"2226",15
"2227",2
"2228",7
"2229",10
"2230",10
"2231",5
"2232",14
"2233",4
"2234",5
"2235",4
"2236",9
"2237",9
"2238",10
"2239",5
"2240",4
"2241",15
"2242",12
"2243",10
"2244",5
"2245",12
"2246",9
"2247",9
"2248",10
"2249",4
"2250",9
"2251",4
"2252",2
"2253",9
"2254",5
"2255",14
"2256",4
"2257",6
"2258",9
"2259",5
"2260",5
"2261",5
"2262",14
"2263",1
"2264",8
"2265",6
"2266",5
"2267",10
"2268",9
"2269",7
"2270",1
"2271",4
"2272",3
"2273",4
"2274",10
"2275",6
"2276",15
"2277",10
"2278",10
"2279",14
"2280",7
"2281",13
"2282",10
"2283",3
"2284",14
"2285",9
"2286",15
"2287",7
"2288",13
"2289",13
"2290",7
"2291",10
"2292",14
"2293",12
"2294",5
"2295",14
"2296",14
"2297",13
"2298",1
"2299",4
"2300",11
"2301",10
"2302",10
"2303",4
"2304",6
"2305",14
"2306",10
"2307",6
"2308",6
"2309",5
"2310",9
"2311",8
"2312",3
"2313",15
"2314",4
"2315",14
"2316",7
"2317",14
"2318",6
"2319",6
"2320",12
"2321",13
"2322",9
"2323",12
"2324",13
"2325",14
"2326",15
"2327",4
"2328",14
"2329",4
"2330",11
"2331",10
"2332",9
"2333",14
"2334",4
"2335",4
"2336",4
"2337",12
"2338",14
"2339",4
"2340",12
"2341",5
"2342",10
"2343",12
"2344",1
"2345",7
"2346",3
"2347",10
"2348",9
"2349",4
"2350",1
"2351",10
"2352",2
"2353",14
"2354",13
"2355",11
"2356",12
"2357",5
"2358",2
"2359",5
"2360",12
"2361",11
"2362",15
"2363",5
"2364",7
"2365",4
"2366",10
"2367",14
"2368",9
"2369",14
"2370",5
"2371",15
"2372",4
"2373",11
"2374",9
"2375",12
"2376",2
"2377",14
"2378",4
"2379",1
"2380",14
"2381",10
"2382",3
"2383",10
"2384",5
"2385",4
"2386",9
"2387",4
"2388",9
"2389",4
"2390",9
"2391",13
"2392",5
"2393",4
"2394",4
"2395",12
"2396",6
"2397",14
"2398",4
"2399",14
"2400",14
"2401",13
"2402",5
"2403",5
"2404",15
"2405",4
"2406",6
"2407",15
"2408",12
"2409",6
"2410",15
"2411",2
"2412",12
"2413",6
"2414",5
"2415",3
"2416",9
"2417",2
"2418",12
"2419",4
"2420",12
"2421",15
"2422",10
"2423",7
"2424",14
"2425",6
"2426",1
"2427",6
"2428",6
"2429",4
"2430",3
"2431",3
"2432",5
"2433",5
"2434",4
"2435",5
"2436",15
"2437",3
"2438",2
"2439",13
"2440",12
"2441",14
"2442",6
"2443",12
"2444",9
"2445",9
"2446",14
"2447",13
"2448",14
"2449",14
"2450",11
"2451",4
"2452",9
"2453",12
"2454",9
"2455",3
"2456",14
"2457",4
"2458",3
"2459",1
"2460",10
"2461",3
"2462",15
"2463",13
"2464",5
"2465",13
"2466",12
"2467",9
"2468",5
"2469",15
"2470",4
"2471",12
"2472",14
"2473",14
"2474",9
"2475",9
"2476",10
"2477",15
"2478",7
"2479",10
"2480",9
"2481",11
"2482",3
"2483",14
"2484",7
"2485",4
"2486",2
"2487",14
"2488",12
"2489",6
"2490",2
"2491",14
"2492",4
"2493",4
"2494",13
"2495",5
"2496",14
"2497",3
"2498",14
"2499",5
"2500",9
"2501",13
"2502",14
"2503",9
"2504",5
"2505",14
"2506",10
"2507",13
"2508",9
"2509",12
"2510",9
"2511",5
"2512",8
"2513",7
"2514",12
"2515",1
"2516",14
"2517",9
"2518",13
"2519",2
"2520",4
"2521",9
"2522",15
"2523",15
"2524",14
"2525",4
"2526",5
"2527",10
"2528",5
"2529",14
"2530",8
"2531",4
"2532",11
"2533",1
"2534",8
"2535",13
"2536",12
"2537",14
"2538",12
"2539",5
"2540",6
"2541",6
"2542",3
"2543",9
"2544",7
"2545",4
"2546",10
"2547",9
"2548",5
"2549",13
"2550",10
"2551",10
"2552",6
"2553",4
"2554",12
"2555",4
"2556",12
"2557",4
"2558",12
"2559",14
"2560",5
"2561",13
"2562",14
"2563",14
"2564",12
"2565",4
"2566",13
"2567",5
"2568",13
"2569",5
"2570",5
"2571",14
"2572",10
"2573",6
"2574",2
"2575",5
"2576",4
"2577",5
"2578",5
"2579",14
"2580",4
"2581",14
"2582",7
"2583",9
"2584",14
"2585",13
"2586",6
"2587",3
"2588",15
"2589",7
"2590",5
"2591",10
"2592",4
"2593",4
"2594",5
"2595",5
"2596",13
"2597",10
"2598",5
"2599",10
"2600",9
"2601",14
"2602",4
"2603",13
"2604",4
"2605",10
"2606",12
"2607",11
"2608",6
"2609",4
"2610",15
"2611",6
"2612",1
"2613",13
"2614",12
"2615",4
"2616",9
"2617",14
"2618",4
"2619",15
"2620",10
"2621",2
"2622",15
"2623",10
"2624",5
"2625",12
"2626",5
"2627",7
"2628",7
"2629",12
"2630",14
"2631",13
"2632",12
"2633",11
"2634",10
"2635",5
"2636",10
"2637",1
"2638",10
"2639",6
"2640",5
"2641",4
"2642",14
"2643",13
"2644",14
"2645",15
"2646",2
"2647",15
"2648",9
"2649",12
"2650",4
"2651",7
"2652",15
"2653",14
"2654",6
"2655",12
"2656",1
"2657",14
"2658",10
"2659",4
"2660",4
"2661",9
"2662",5
"2663",12
"2664",14
"2665",5
"2666",4
"2667",13
"2668",14
"2669",4
"2670",15
"2671",9
"2672",12
"2673",10
"2674",14
"2675",5
"2676",10
"2677",4
"2678",5
"2679",14
"2680",7
"2681",14
"2682",13
"2683",14
"2684",5
"2685",9
"2686",5
"2687",12
"2688",7
"2689",7
"2690",5
"2691",9
"2692",4
"2693",13
"2694",15
"2695",4
"2696",11
"2697",5
"2698",5
"2699",10
"2700",4
"2701",4
"2702",13
"2703",14
"2704",6
"2705",4
"2706",6
"2707",14
"2708",15
"2709",9
"2710",5
"2711",4
"2712",14
"2713",12
"2714",13
"2715",15
"2716",5
"2717",6
"2718",4
"2719",3
"2720",9
"2721",13
"2722",9
"2723",13
"2724",4
"2725",1
"2726",6
"2727",14
"2728",4
"2729",13
"2730",4
"2731",13
"2732",5
"2733",13
"2734",10
"2735",4
"2736",3
"2737",15
"2738",4
"2739",10
"2740",10
"2741",13
"2742",10
"2743",12
"2744",7
"2745",14
"2746",7
"2747",5
"2748",12
"2749",3
"2750",7
"2751",10
"2752",15
"2753",14
"2754",14
"2755",14
"2756",7
"2757",1
"2758",1
"2759",10
"2760",12
"2761",14
"2762",5
"2763",6
"2764",9
"2765",4
"2766",12
"2767",10
"2768",12
"2769",2
"2770",7
"2771",9
"2772",14
"2773",10
"2774",6
"2775",11
"2776",13
"2777",9
"2778",1
"2779",5
"2780",13
"2781",14
"2782",14
"2783",13
"2784",4
"2785",14
"2786",10
"2787",13
"2788",13
"2789",7
"2790",6
"2791",12
"2792",10
"2793",4
"2794",4
"2795",2
"2796",9
"2797",12
"2798",7
"2799",2
"2800",9
"2801",13
"2802",4
"2803",5
"2804",15
"2805",14
"2806",14
"2807",5
"2808",12
"2809",2
"2810",5
"2811",13
"2812",13
"2813",14
"2814",7
"2815",9
"2816",15
"2817",5
"2818",1
"2819",15
"2820",4
"2821",13
"2822",14
"2823",12
"2824",15
"2825",8
"2826",9
"2827",14
"2828",13
"2829",5
"2830",13
"2831",10
"2832",4
"2833",4
"2834",14
"2835",12
"2836",5
"2837",5
"2838",14
"2839",14
"2840",14
"2841",11
"2842",4
"2843",9
"2844",13
"2845",15
"2846",4
"2847",2
"2848",15
"2849",4
"2850",9
"2851",5
"2852",7
"2853",3
"2854",6
"2855",11
"2856",10
"2857",14
"2858",7
"2859",14
"2860",3
"2861",4
"2862",11
"2863",4
"2864",10
"2865",12
"2866",14
"2867",12
"2868",3
"2869",8
"2870",4
"2871",10
"2872",13
"2873",4
"2874",4
"2875",4
"2876",5
"2877",14
"2878",15
"2879",5
"2880",5
"2881",13
"2882",12
"2883",13
"2884",1
"2885",7
"2886",14
"2887",4
"2888",4
"2889",3
"2890",14
"2891",9
"2892",13
"2893",4
"2894",12
"2895",13
"2896",9
"2897",12
"2898",10
"2899",9
"2900",6
"2901",10
"2902",5
"2903",11
"2904",13
"2905",14
"2906",11
"2907",5
"2908",12
"2909",10
"2910",5
"2911",6
"2912",5
"2913",15
"2914",13
"2915",5
"2916",10
"2917",4
"2918",5
"2919",10
"2920",4
"2921",12
"2922",7
"2923",12
"2924",2
"2925",9
"2926",15
"2927",6
"2928",8
"2929",4
"2930",14
"2931",14
"2932",9
"2933",10
"2934",5
"2935",13
"2936",5
"2937",8
"2938",7
"2939",4
"2940",14
"2941",7
"2942",5
"2943",6
"2944",1
"2945",4
"2946",13
"2947",13
"2948",10
"2949",9
"2950",3
"2951",6
"2952",12
"2953",4
"2954",6
"2955",4
"2956",9
"2957",9
"2958",2
"2959",2
"2960",5
"2961",4
"2962",4
"2963",5
"2964",7
"2965",3
"2966",7
"2967",15
"2968",13
"2969",4
"2970",4
"2971",14
"2972",11
"2973",5
"2974",4
"2975",1
"2976",12
"2977",12
"2978",14
"2979",10
"2980",12
"2981",5
"2982",14
"2983",14
"2984",4
"2985",12
"2986",4
"2987",14
"2988",10
"2989",4
"2990",14
"2991",15
"2992",13
"2993",5
"2994",12
"2995",2
"2996",6
"2997",13
"2998",15
"2999",13
"3000",5
"3001",5
"3002",1
